###MJD          m      dm   uJy   duJy F err chi/N     RA       Dec        x        y     maj  min   phi  apfit mag5sig Sky   Obs
57405.574387  19.826  5.500    43  234 o  0   0.90 162.11004 -45.69205 10014.90  9122.76 4.21 2.23  86.4 -0.488 16.07 17.53 02a57405o0593o
57405.599319 -19.372  1.333   -65   86 o  0   1.01 162.11004 -45.69205  9105.34  7979.89 3.91 2.58 -78.2 -0.460 17.50 18.95 02a57405o0630o
57405.613959 -19.338  1.109   -67   74 o  0   1.36 162.11004 -45.69205  8812.18  9744.51 3.57 2.38 -77.2 -0.492 17.53 18.92 02a57405o0650o
57447.470870 -18.162  0.634  -197  125 o  0   1.07 162.11004 -45.69205  8922.23  8778.78 4.04 2.39 -88.4 -0.491 16.87 17.88 02a57447o0537o
57447.479151  19.420  1.407    62   87 o  0   1.09 162.11004 -45.69205   157.21  8047.39 3.65 2.82 -88.7 -0.428 17.41 18.58 02a57447o0552o
57447.489892  21.419 10.571    10  104 o  0   1.01 162.11004 -45.69205 10145.08  8154.82 4.10 2.71 -82.7 -0.471 17.32 18.43 02a57447o0571o
57447.509306  20.280  3.182    28   89 o  0   1.04 162.11004 -45.69205  9972.86  7930.68 4.07 2.95 -79.7 -0.472 17.43 18.60 02a57447o0606o
57453.439869  19.375  0.303    65   20 c  0   1.17 162.11004 -45.69205  9065.89  9180.22 4.13 3.65  73.0 -0.415 19.25 21.11 02a57453o0451c
57453.457213  21.196  2.211    12   27 c  0   0.85 162.11004 -45.69205  8770.75  8602.43 4.41 3.48 -86.3 -0.407 18.75 20.67 02a57453o0486c
57453.475533 -21.523  2.300    -9   20 c  0   1.24 162.11004 -45.69205  9977.05  7983.95 4.20 3.51  78.7 -0.432 19.23 21.05 02a57453o0521c
57453.494262  19.733  0.466    46   22 c  0   1.10 162.11004 -45.69205  9970.65  7927.88 4.17 3.47  80.5 -0.437 19.16 20.95 02a57453o0556c
57457.434187  21.062  2.158    14   30 c  0   1.09 162.11004 -45.69205  9136.17  9098.27 4.73 3.31 -88.7 -0.399 18.56 20.57 02a57457o0448c
57457.451898 -22.538  7.400    -4   26 c  0   1.15 162.11004 -45.69205  8841.28  8523.97 4.67 3.46 -87.1 -0.408 18.65 20.61 02a57457o0484c
57457.452378 -20.336  2.075   -27   55 c  0   1.09 162.11004 -45.69205    63.12  7787.23 4.46 3.45 -55.7 -0.447 18.73 20.64 02a57457o0485c
57457.469920  20.824  1.609    17   27 c  0   0.97 162.11004 -45.69205 10049.38  7903.53 4.69 3.60  88.2 -0.395 18.71 20.61 02a57457o0520c
57457.488563  21.029  1.833    14   26 c  0   1.30 162.11004 -45.69205  9973.60  7925.40 4.70 3.71  88.7 -0.404 18.69 20.54 02a57457o0557c
57461.416367  20.146  0.742    32   24 c  0   0.99 162.11004 -45.69205  9064.43  9219.57 4.18 3.60  76.1 -0.427 19.17 21.02 02a57461o0422c
57461.433415  20.287  1.128    28   31 c  0   1.16 162.11004 -45.69205  8769.24  8640.76 4.14 3.54  79.2 -0.444 18.74 20.60 02a57461o0457c
57461.451998  18.076  0.510   214  109 c  0   0.97 162.11004 -45.69205  9990.95  8018.69 4.67 3.88  78.4 -0.404 16.86 18.80 02a57461o0492c
57461.470516 -19.386  2.562   -64  164 c  0   1.25 162.11004 -45.69205  9968.81  7926.53 4.36 3.60  77.6 -0.444 16.89 18.71 02a57461o0527c
57465.406981 -18.971  0.704   -94   66 o  0   1.16 162.11004 -45.69205  9234.55  8959.61 4.11 3.16  81.1 -0.520 18.28 19.21 02a57465o0408o
57465.423547 -20.406  1.980   -25   50 o  0   1.03 162.11004 -45.69205   175.64  7655.15 4.65 3.52 -58.0 -0.432 18.23 19.16 02a57465o0442o
57465.424027  19.433  1.000    61   61 o  0   1.22 162.11004 -45.69205  8939.28  8382.64 4.03 3.12  82.7 -0.524 18.25 19.18 02a57465o0443o
57465.441092  19.661  1.183    50   59 o  0   1.00 162.11004 -45.69205 10145.80  7763.99 4.15 2.89  83.5 -0.520 18.27 19.18 02a57465o0478o
57465.458111  20.418  2.698    25   67 o  0   1.09 162.11004 -45.69205  9961.43  7929.81 4.17 3.02  83.6 -0.510 18.24 19.17 02a57465o0513o
57477.381221 -19.350  0.511   -66   34 o  0   1.07 162.11004 -45.69205  9233.86  8930.87 4.27 3.38  82.3 -0.491 18.75 20.22 02a57477o0357o
57477.397261 -20.874  1.500   -16   24 o  0   1.84 162.11004 -45.69205   162.74  7605.00 4.59 3.46 -60.1 -0.441 18.75 20.17 02a57477o0390o
57477.397746 -20.244  1.109   -29   32 o  0   1.14 162.11004 -45.69205  8938.79  8353.80 4.11 3.15  83.9 -0.514 18.74 20.16 02a57477o0391o
57477.414276  24.701 64.000     0   31 o  0   1.36 162.11004 -45.69205 10145.67  7734.64 4.27 2.96  84.5 -0.503 18.70 20.06 02a57477o0425o
57477.431323  20.157  1.284    31   40 o  0   1.06 162.11004 -45.69205  9960.53  7917.16 4.18 2.94  85.8 -0.498 18.54 19.73 02a57477o0460o
57863.372292 -19.841  0.667   -42   28 c  0   1.01 162.11004 -45.69205   787.24   573.50 4.12 3.96 -53.8 -0.406 18.42 19.88 02a57863o0263c
57863.389068 -20.798  2.212   -17   38 c  0   1.27 162.11004 -45.69205 10019.60   636.59 4.08 3.77  60.4 -0.463 18.45 19.90 02a57863o0295c
58117.575410  20.709  1.199    19   23 o  0   1.12 162.11004 -45.69205  1154.63  5760.93 2.40 1.99  53.6 -0.483 18.66 19.33 02a58117o0504o
58117.583602  20.951  1.455    15   22 o  0   1.17 162.11004 -45.69205  1166.84  5799.36 2.48 2.01  56.4 -0.471 18.81 19.48 02a58117o0521o
58117.591166 -21.651  2.469    -8   20 o  0   1.37 162.11004 -45.69205  1108.89  5724.04 2.46 2.00  56.3 -0.474 18.99 19.70 02a58117o0536o
58117.599863  21.220  1.311    12   16 o  0   1.62 162.11004 -45.69205  1080.51  5842.52 2.56 2.07  60.7 -0.465 19.12 20.10 02a58117o0555o
58119.541704 -18.995  0.679   -92   62 o  0   1.40 162.11004 -45.69205  2487.67  5398.33 3.91 3.26 -87.6 -0.433 17.89 18.76 01a58119o0762o
58119.548589 -19.228  0.830   -74   61 o  0   1.39 162.11004 -45.69205  2463.26  5335.57 3.91 3.19  87.4 -0.429 17.91 18.80 01a58119o0777o
58119.555477  19.237  0.904    73   66 o  0   1.05 162.11004 -45.69205  2508.17  5389.84 3.78 3.15  88.3 -0.435 17.94 18.82 01a58119o0792o
58119.562359  19.767  1.051    45   47 o  0   0.94 162.11004 -45.69205  2526.03  5250.25 3.89 3.30  88.6 -0.421 17.93 18.86 01a58119o0807o
58121.541995  18.866  1.197   103  124 o  0   1.55 162.11004 -45.69205  8008.95  7976.76 2.52 2.46  28.9 -0.469 17.67 18.22 02a58121o0757o
58121.549754 -17.996  0.739  -230  170 o  0   0.81 162.11004 -45.69205  8019.71  8017.68 2.64 2.62 -69.0 -0.460 17.67 18.22 02a58121o0774o
58121.557512 -22.271 33.474    -4  150 o  0   0.98 162.11004 -45.69205  7963.26  7939.68 2.33 2.24  34.2 -0.486 17.81 18.21 02a58121o0791o
58121.564821  20.157  4.931    31  155 o  0   1.10 162.11004 -45.69205  7946.23  8058.29 2.58 2.52  51.1 -0.476 17.63 18.19 02a58121o0807o
58123.570855 -20.610  1.855   -21   38 o  0   1.12 162.11004 -45.69205  9510.52  2858.07 4.91 3.44 -88.6 -0.395 18.27 19.39 01a58123o0507o
58123.579103 -19.422  0.612   -62   38 o  0   1.13 162.11004 -45.69205  9542.79  2864.20 4.87 3.40 -87.6 -0.410 18.30 19.40 01a58123o0525o
58123.580019 -20.012  0.959   -36   34 o  0   1.31 162.11004 -45.69205  9487.13  2785.54 4.86 3.37 -87.5 -0.402 18.27 19.40 01a58123o0527o
58123.586888  19.940  1.090    38   42 o  0   0.99 162.11004 -45.69205  9563.13  2717.07 5.08 3.80 -84.9 -0.380 18.18 19.41 01a58123o0542o
58127.539313  20.341  1.013    26   27 o  0   0.72 162.11004 -45.69205  1006.80  4491.09 4.29 3.59  87.4 -0.415 18.76 20.54 01a58127o0753o
58127.549650  20.539  1.149    22   25 o  0   0.89 162.11004 -45.69205   981.21  4414.80 4.13 3.51  84.7 -0.421 18.77 20.56 01a58127o0775o
58127.561095 -19.434  0.478   -61   29 o  0   0.72 162.11004 -45.69205  1026.67  4452.84 4.04 3.51  88.7 -0.428 18.73 20.51 01a58127o0800o
58127.571169  20.494  1.649    23   38 o  0   0.65 162.11004 -45.69205  1045.64  4299.14 4.13 3.66  88.3 -0.425 18.51 20.30 01a58127o0822o
58129.544308 -20.033  1.512   -35   53 o  0   1.15 162.11004 -45.69205  7865.31  5655.78 2.63 2.30  59.5 -0.468 17.87 19.21 02a58129o0762o
58129.554264  17.029  0.350   560  196 o  0   1.16 162.11004 -45.69205  7889.79  5696.83 2.64 2.23  59.6 -0.476 16.57 17.68 02a58129o0783o
58129.556089  17.887  1.582   254  402 o  0   2.03 162.11004 -45.69205  7835.86  5617.90 2.36 2.01  57.3 -0.496 16.50 17.49 02a58129o0787o
58129.565219 -19.557  1.828   -55  100 o  0   1.09 162.11004 -45.69205  7807.07  5734.72 2.22 1.92  56.9 -0.527 17.26 18.21 02a58129o0807o
58131.539628 -21.748  2.818    -7   20 o  0   0.96 162.11004 -45.69205  2883.85  3982.03 4.15 3.56  83.3 -0.402 18.88 20.92 01a58131o0569o
58131.547869 -20.111  0.557   -33   18 o  0   1.20 162.11004 -45.69205  2861.24  3913.81 3.94 3.42  83.0 -0.412 18.94 20.94 01a58131o0587o
58131.554735  18.202  0.467   190   89 o  0   0.15 162.11004 -45.69205  2909.80  3967.06 4.28 3.95  71.1 -0.388 18.81 20.87 01a58131o0602o
58131.562524 -19.951  0.673   -38   26 o  0   1.04 162.11004 -45.69205  2917.23  3819.85 4.06 3.68  76.5 -0.407 18.68 20.77 01a58131o0619o
58135.552874 -18.829  0.552  -107   59 o  0   1.03 162.11004 -45.69205  9452.04  6071.85 5.29 4.41 -80.0 -0.342 18.12 20.31 01a58135o0777o
58135.561619 -20.034  0.973   -35   34 o  0   1.22 162.11004 -45.69205  9488.18  6147.35 5.29 4.03 -82.1 -0.348 18.53 20.41 01a58135o0795o
58135.569862 -20.967  2.160   -15   32 o  0   0.95 162.11004 -45.69205  9439.18  6100.22 6.06 4.61 -78.8 -0.339 18.53 20.46 01a58135o0813o
58135.576748 -20.156  0.907   -32   28 o  0   1.00 162.11004 -45.69205  9418.50  6244.02 6.00 4.62 -78.0 -0.337 18.57 20.43 01a58135o0827o
58139.536931  19.711  0.527    47   25 o  0   2.82 162.11004 -45.69205  1072.37  2998.79 3.62 3.09  85.5 -0.417 18.76 20.69 01a58139o0424o
58139.547272  19.145  0.443    80   35 o  0   1.28 162.11004 -45.69205  9732.04  7346.46 5.97 4.39 -77.3 -0.269 18.40 20.38 01a58139o0446o
58139.549099 -19.577  0.602   -54   32 o  0   1.13 162.11004 -45.69205  9677.15  7273.67 6.10 4.47 -77.3 -0.264 18.71 20.74 01a58139o0450o
58139.551388 -18.869  0.663  -103   68 o  0   1.08 162.11004 -45.69205   146.86  7488.38 4.05 3.60 -73.5 -0.317 18.09 20.44 01a58139o0455o
58139.557088 -19.613  0.475   -52   25 o  0   1.02 162.11004 -45.69205  9658.29  7422.02 6.00 4.32 -80.0 -0.284 18.86 20.78 01a58139o0466o
58139.560297 -20.380  1.603   -26   41 o  0   1.26 162.11004 -45.69205   170.72  7560.54 4.56 3.97 -83.9 -0.316 18.37 20.71 01a58139o0473o
58139.568081 -19.178  0.466   -77   36 o  0   0.77 162.11004 -45.69205   120.74  7516.48 4.38 3.69  87.8 -0.321 18.75 20.80 01a58139o0490o
58139.575865 -20.448  1.000   -24   24 o  0   0.93 162.11004 -45.69205   113.47  7665.38 4.18 3.37  86.5 -0.330 18.82 20.74 01a58139o0506o
58147.539744  18.427  0.317   155   49 o  0   1.51 162.11004 -45.69205  1054.62  5049.67 3.85 3.25  89.1 -0.407 17.72 19.06 01a58147o0320o
58147.547533  20.646  2.439    20   49 o  0   1.23 162.11004 -45.69205  1074.66  5118.14 4.10 3.30  86.5 -0.411 17.83 19.16 01a58147o0337o
58147.555780  18.694  0.382   121   46 o  0   2.57 162.11004 -45.69205  1025.34  5076.24 4.21 3.37  84.6 -0.404 18.01 19.23 01a58147o0355o
58147.563153  20.182  1.327    31   41 o  0   1.25 162.11004 -45.69205  1016.75  5223.13 4.13 3.25  87.1 -0.405 18.08 19.27 01a58147o0370o
58151.528231  18.837  0.829   106   88 o  0   1.18 162.11004 -45.69205  1317.54  5830.95 3.56 3.05  83.4 -0.447 17.70 18.64 01a58151o0599o
58151.535555 -19.726  1.346   -47   63 o  0   1.73 162.11004 -45.69205  1351.09  5896.94 3.62 3.06  87.4 -0.437 17.84 18.72 01a58151o0615o
58151.543796 -20.166  2.161   -31   67 o  0   0.85 162.11004 -45.69205  1302.47  5854.60 3.47 2.89  87.7 -0.448 17.97 18.78 01a58151o0633o
58151.557544  20.206  2.097    30   63 o  0   0.97 162.11004 -45.69205  1283.65  6026.66 3.73 2.97  86.2 -0.442 17.97 18.78 01a58151o0663o
58153.525747  20.365  0.970    26   25 o  0   0.98 162.11004 -45.69205  8863.78  3850.01 2.25 2.10  73.2 -0.488 18.64 19.19 02a58153o0699o
58153.536711   0.000  0.000     0    0 o  0  -2.00 162.11004 -45.69205  8807.58  3765.85 2.44 2.30  79.0 -0.496 17.74 18.76 02a58153o0723o
58153.537624  24.435 51.750     1   32 o  0   0.81 162.11004 -45.69205  8906.68  3886.44 2.56 2.32  60.8 -0.473 18.48 19.10 02a58153o0725o
58159.497431  20.184  0.796    31   24 o  0   1.09 162.11004 -45.69205  9374.80  4445.39 5.27 4.24 -86.0 -0.363 18.67 20.93 01a58159o0636o
58159.505696 -19.806  0.477   -43   21 o  0   1.33 162.11004 -45.69205  9408.11  4517.85 5.33 3.92 -83.6 -0.371 18.85 21.03 01a58159o0654o
58159.513494  20.615  0.976    21   20 o  0   1.39 162.11004 -45.69205  9358.01  4469.98 5.51 4.06 -85.8 -0.361 18.89 21.13 01a58159o0671o
58159.521755 -21.052  1.625   -14   22 o  0   1.09 162.11004 -45.69205  9334.67  4617.90 6.19 4.44 -88.0 -0.313 18.72 21.16 01a58159o0689o
58161.511995  20.815  0.863    17   15 c  0   0.90 162.11004 -45.69205  9308.51  4587.36 3.03 2.68  79.9 -0.465 19.54 21.55 02a58161o0659c
58161.519296  21.413  1.500    10   15 c  0   1.14 162.11004 -45.69205  9296.74  4548.43 3.03 2.74  77.9 -0.457 19.55 21.54 02a58161o0675c
58161.527966  20.933  0.844    15   13 c  0   1.27 162.11004 -45.69205  9352.89  4623.44 3.37 2.98  81.7 -0.432 19.38 21.52 02a58161o0694c
58161.532981 -22.940  6.000    -2   14 c  0   1.39 162.11004 -45.69205  9381.85  4505.38 3.08 2.75  81.5 -0.459 19.48 21.50 02a58161o0705c
58167.484882  20.240  0.836    29   24 o  0   1.25 162.11004 -45.69205  9060.86  5387.46 5.70 4.23 -84.3 -0.347 18.74 20.70 01a58167o0381o
58167.495886 -21.721  3.357    -7   25 o  0   1.04 162.11004 -45.69205  9026.70  5392.13 5.96 4.32 -83.3 -0.319 18.69 20.71 01a58167o0405o
58167.496345  21.829  4.167     7   28 o  0   0.85 162.11004 -45.69205  9095.92  5472.90 6.08 4.47 -86.0 -0.318 18.69 20.71 01a58167o0406o
58167.507793 -20.751  1.297   -18   24 o  0   1.31 162.11004 -45.69205  9017.48  5555.51 5.86 4.08 -83.8 -0.321 18.75 20.70 01a58167o0431o
58173.442698 -16.394  2.930 -1006 2947 o  0   1.23 162.11004 -45.69205  1232.85  7417.53 2.72 2.20  56.7 -0.469 13.83 14.15 02a58173o0117o
58173.459016 -14.739  1.078 -4618 4980 o  0   1.20 162.11004 -45.69205  1193.93  7380.25 2.69 2.29  58.9 -0.500 13.35 13.93 02a58173o0152o
58173.460392 -14.655  4.038 -4990 20147 o  0   1.00 162.11004 -45.69205  1179.51  7496.73 2.71 2.33  52.7 -0.459 12.34 13.00 02a58173o0155o
58181.425553 -15.289  1.223 -2783 3403 o  0   1.21 162.11004 -45.69205  2820.15  2023.63 3.19 2.68  69.8 -0.260 12.37 14.65 02a58181o0461o
58181.438716  15.958  6.697  1502 10060 o  0   1.22 162.11004 -45.69205  2893.83  2097.70 3.27 2.68  55.6 -0.356 11.51 13.93 02a58181o0489o
58181.446473 -13.508  0.901 -14351 12933 o  0   1.15 162.11004 -45.69205  2909.32  1982.36 3.31 2.61  60.9 -0.403 11.48 13.73 02a58181o0506o
58183.413655  19.784  0.685    44   30 o  0   1.06 162.11004 -45.69205  2661.24  5146.50 3.64 3.11  88.0 -0.440 18.29 19.71 01a58183o0419o
58183.422620  20.200  1.292    30   39 o  0   1.19 162.11004 -45.69205  8135.67  5201.01 4.38 3.64 -79.6 -0.389 18.21 19.51 01a58183o0438o
58183.424451 -19.734  0.906   -46   42 o  0   0.89 162.11004 -45.69205  8083.07  5129.77 4.29 3.55 -81.0 -0.403 18.26 19.52 01a58183o0442o
58183.435981  20.469  1.643    24   39 o  0   1.34 162.11004 -45.69205  8062.81  5291.87 4.79 3.73 -84.1 -0.371 18.28 19.58 01a58183o0466o
58184.386764 -19.880  0.362   -41   15 o  0   1.25 162.11004 -45.69205   683.63  2955.73 2.69 2.14  52.0 -0.464 19.12 20.24 02a58184o0360o
58184.391338 -20.525  0.671   -22   15 o  0   1.30 162.11004 -45.69205   710.07  2993.42 2.75 2.17  52.6 -0.460 19.00 20.11 02a58184o0370o
58184.398179 -23.235 10.154    -2   19 o  0   1.16 162.11004 -45.69205   639.47  2918.22 2.65 2.11  49.3 -0.471 19.01 19.96 02a58184o0385o
58184.400461  21.684  2.552     8   20 o  0   0.92 162.11004 -45.69205   625.74  3035.31 2.56 2.04  53.3 -0.474 19.02 19.93 02a58184o0390o
58185.392716  23.191  8.364     2   16 o  0   1.36 162.11004 -45.69205   681.30  2954.86 3.04 2.36  55.5 -0.436 19.07 20.36 02a58185o0361o
58185.397307  21.045  1.355    14   19 o  0   1.04 162.11004 -45.69205   708.33  2992.75 3.01 2.32  55.0 -0.439 19.08 20.32 02a58185o0371o
58185.404155  21.463  1.625     9   15 o  0   1.36 162.11004 -45.69205   637.55  2917.60 2.96 2.30  57.1 -0.444 19.14 20.37 02a58185o0386o
58185.406436  20.499  0.578    23   13 o  0   1.79 162.11004 -45.69205   623.73  3034.86 2.98 2.33  55.8 -0.445 19.11 20.41 02a58185o0391o
58187.427502 -14.354  1.194 -6581 7859 o  0   1.24 162.11004 -45.69205  9499.09  7250.16 5.50 3.77 -79.8 -0.398 13.78 15.36 01a58187o0447o
58193.405121 -22.545  3.400    -4   12 c  0   1.17 162.11004 -45.69205  2944.21  5317.88 2.52 2.26  32.8 -0.460 19.50 21.21 02a58193o0378c
58193.406490  17.376  0.034   407   14 c  0  33.59 162.11004 -45.69205  2957.94  5355.84 2.49 2.25  33.7 -0.468 19.52 21.21 02a58193o0381c
58193.413336 -20.516  0.476   -23   11 c  0   1.44 162.11004 -45.69205  2999.63  5395.23 2.47 2.24  38.1 -0.463 19.51 21.17 02a58193o0396c
58193.421005  22.162  1.909     5   10 c  0   1.80 162.11004 -45.69205  3027.55  5274.65 2.62 2.37  32.6 -0.455 19.43 21.12 02a58193o0412c
58203.387181 -19.233  0.617   -74   45 o  0   1.36 162.11004 -45.69205  2006.13  6700.72 4.91 4.76  81.0 -0.337 17.98 19.56 01a58203o0190o
58203.387639 -19.533  0.812   -56   45 o  0   1.20 162.11004 -45.69205  2034.45  6740.23 4.61 4.28 -81.2 -0.358 18.04 19.57 01a58203o0191o
58203.397716 -18.460  0.300  -150   45 o  0   1.18 162.11004 -45.69205  1987.74  6704.52 4.90 4.43 -85.1 -0.330 18.10 19.65 01a58203o0213o
58203.409160 -20.251  1.500   -29   43 o  0   1.11 162.11004 -45.69205  1967.99  6867.27 4.73 4.16  84.4 -0.353 18.14 19.68 01a58203o0238o
58213.375512  21.186  2.973    12   36 o  0   1.50 162.11004 -45.69205  2257.82  4870.40 2.62 2.04  81.1 -0.460 18.28 20.68 02a58213o0283o
58213.382386  23.387 18.600     2   30 o  0   1.13 162.11004 -45.69205  2246.73  4830.26 2.60 2.10  81.2 -0.458 18.28 20.62 02a58213o0298o
58213.390622  20.929  2.286    15   35 o  0   0.98 162.11004 -45.69205  2302.82  4907.55 2.58 2.10  83.1 -0.461 18.24 20.49 02a58213o0316o
58213.395676  19.640  0.685    51   35 o  0   0.89 162.11004 -45.69205  2331.53  4792.40 2.57 2.13  86.1 -0.457 18.22 20.36 02a58213o0327o
58219.361324  21.670  2.483     8   19 o  0   1.31 162.11004 -45.69205  1405.04  8251.62 3.62 3.14 -82.2 -0.412 18.92 20.50 01a58219o0122o
58223.340706 -20.019  0.808   -36   29 o  0   1.15 162.11004 -45.69205 10339.20  7850.12 5.86 3.90 -82.4 -0.297 18.73 20.25 01a58223o0057o
58223.348512 -18.480  0.224  -147   33 o  0   0.95 162.11004 -45.69205 10357.10  7922.15 5.81 3.86 -81.0 -0.300 18.70 20.29 01a58223o0074o
58223.351736  22.707  9.444     3   28 o  0   0.90 162.11004 -45.69205   788.16  7998.99 4.13 3.37  81.3 -0.388 18.67 20.30 01a58223o0081o
58223.356323 -19.410  0.513   -62   32 o  0   1.31 162.11004 -45.69205 10303.36  7874.38 6.28 4.23 -81.4 -0.267 18.55 20.11 01a58223o0091o
58223.359537  20.478  1.200    23   28 o  0   1.39 162.11004 -45.69205   806.66  8069.26 4.49 3.70  87.9 -0.388 18.51 20.12 01a58223o0098o
58223.364151  23.825 32.500     1   35 o  0   1.03 162.11004 -45.69205 10292.79  8023.18 5.99 3.95 -81.4 -0.285 18.56 20.05 01a58223o0108o
58223.367366 -21.060  1.905   -14   26 o  0   1.18 162.11004 -45.69205   755.08  8025.71 3.86 3.25 -89.4 -0.376 18.59 20.13 01a58223o0115o
58223.375200 -22.494  8.091    -4   30 o  0   0.75 162.11004 -45.69205   730.04  8175.74 3.85 3.22  88.9 -0.378 18.60 20.07 01a58223o0132o
58225.341315  20.538  3.214    22   71 c  0   0.98 162.11004 -45.69205   472.48  5224.92 3.36 2.79  76.0 -0.410 17.35 20.13 02a58225o0254c
58225.349116 -21.165  6.333   -12   79 c  0   1.00 162.11004 -45.69205   446.68  5183.26 3.25 2.65  77.5 -0.412 17.35 20.08 02a58225o0271c
58225.352324 -21.317  7.429   -11   80 c  0   0.86 162.11004 -45.69205 10004.40  5216.99 3.63 2.71  85.0 -0.422 17.46 20.29 02a58225o0278c
58225.356905 -19.779  1.118   -44   50 c  0   1.36 162.11004 -45.69205   517.03  5262.89 3.50 2.95  76.2 -0.378 17.54 20.31 02a58225o0288c
58225.360118  20.949  8.600    15  130 c  0   1.07 162.11004 -45.69205  9991.76  5179.50 3.88 3.02  83.1 -0.412 16.76 19.65 02a58225o0295c
58225.364730  17.269  0.809   449  363 c  0   1.08 162.11004 -45.69205   533.43  5146.06 3.79 3.16  75.5 -0.373 16.24 19.09 02a58225o0305c
58225.367940 -16.996  0.380  -577  219 c  0   0.73 162.11004 -45.69205 10047.24  5254.54 4.01 3.10  86.8 -0.422 16.58 19.61 02a58225o0312c
58225.370678 -19.622  4.588   -51  236 c  0   1.20 162.11004 -45.69205 10075.12  5136.60 3.79 2.92  88.8 -0.398 16.81 19.65 02a58225o0318c
58229.368541 -18.283  0.628  -176  111 o  0   1.24 162.11004 -45.69205  8981.00  3079.47 2.86 2.68  73.9 -0.441 16.89 17.72 02a58229o0224o
58233.328686 -21.061  1.951   -14   27 o  0   1.19 162.11004 -45.69205  2521.47  3460.65 2.22 2.04  44.4 -0.459 18.55 19.02 02a58233o0206o
58233.336496 -20.065  0.784   -34   27 o  0   1.27 162.11004 -45.69205  2509.72  3420.38 2.12 1.99  58.8 -0.461 18.54 19.02 02a58233o0223o
58233.344386  20.297  0.949    28   26 o  0   1.10 162.11004 -45.69205  2566.57  3497.75 2.17 1.99  54.2 -0.477 18.53 18.98 02a58233o0240o
58233.352195  20.025  0.690    36   24 o  0   1.55 162.11004 -45.69205  2582.91  3380.33 2.20 2.07  62.1 -0.462 18.48 18.95 02a58233o0257o
58245.305556 -19.905  0.573   -40   23 o  0   0.89 162.11004 -45.69205  2754.80  3836.99 2.31 2.22 -87.7 -0.424 18.89 19.91 02a58245o0173o
58245.312434 -21.246  2.211   -12   26 o  0   0.87 162.11004 -45.69205  2742.73  3796.56 2.23 2.14  77.7 -0.430 18.86 19.88 02a58245o0188o
58245.319307 -22.630  6.348    -3   20 o  0   0.71 162.11004 -45.69205  2798.73  3873.64 2.23 2.13  85.7 -0.433 18.97 19.97 02a58245o0203o
58245.326172 -25.317 80.000    -0   22 o  0   0.76 162.11004 -45.69205  2813.72  3758.27 2.17 2.04  71.4 -0.452 18.95 19.96 02a58245o0218o
58250.312803 -19.221  0.938   -74   70 c  0   0.77 162.11004 -45.69205  9069.71  4085.49 3.03 2.86  85.7 -0.386 17.60 19.19 02a58250o0153c
58250.320637  18.893  0.456   101   46 c  0   1.02 162.11004 -45.69205  9057.61  4046.67 2.96 2.75  82.1 -0.410 18.42 20.00 02a58250o0170c
58250.328008  19.985  0.904    37   33 c  0   0.92 162.11004 -45.69205  9113.34  4120.52 3.04 2.82 -89.0 -0.401 18.70 20.31 02a58250o0186c
58251.266365 -21.507  2.088    -9   19 o  0   1.24 162.11004 -45.69205  7869.14  6545.66 3.52 3.05 -83.6 -0.432 18.93 20.57 01a58251o0054o
58251.274201  20.355  0.632    26   17 o  0   1.43 162.11004 -45.69205  7887.72  6615.76 3.19 2.82  80.8 -0.452 19.03 20.59 01a58251o0071o
58251.282028  19.561  0.383    54   21 o  0   0.98 162.11004 -45.69205  7836.68  6570.04 3.37 2.87 -83.5 -0.438 19.02 20.61 01a58251o0088o
58251.289857  20.488  0.915    23   21 o  0   0.93 162.11004 -45.69205  7828.32  6718.03 3.56 2.82 -86.2 -0.441 19.01 20.64 01a58251o0105o
58252.297369 -21.037  0.683   -14   10 c  0   1.69 162.11004 -45.69205  1072.33  3788.82 2.46 2.26  52.2 -0.429 19.40 21.00 02a58252o0138c
58257.277236  22.455  7.286     4   28 c  0   1.04 162.11004 -45.69205   151.40  4385.29 3.49 2.99  68.0 -0.372 18.36 20.95 02a58257o0095c
58257.284756 -20.822  1.455   -17   25 c  0   1.15 162.11004 -45.69205   138.44  4345.49 3.35 2.88  71.6 -0.388 18.40 20.88 02a58257o0111c
58257.292683 -22.114  5.222    -5   27 c  0   1.22 162.11004 -45.69205   195.20  4424.25 3.45 2.97  68.1 -0.383 18.28 20.77 02a58257o0128c
58257.295589 -21.165  3.294   -12   41 c  0   0.89 162.11004 -45.69205  9683.26  4411.06 4.06 3.36  83.7 -0.394 18.35 21.02 02a58257o0134c
58257.302956 -24.371 57.000    -1   37 c  0   0.83 162.11004 -45.69205  9670.90  4372.29 3.72 3.13  84.9 -0.405 18.38 20.94 02a58257o0150c
58257.310865  19.675  0.756    49   37 c  0   0.99 162.11004 -45.69205  9726.35  4447.11 3.65 2.85  88.8 -0.424 18.37 20.84 02a58257o0167c
58259.281947  19.452  0.446    60   27 o  0   0.81 162.11004 -45.69205  8271.64  6508.38 3.32 3.11 -87.6 -0.420 18.65 19.91 01a58259o0109o
58259.289302 -19.613  0.530   -52   28 o  0   1.14 162.11004 -45.69205  8297.58  6577.45 3.73 3.21  89.0 -0.409 18.60 19.92 01a58259o0125o
58261.265271  19.890  0.517    40   21 o  0   1.29 162.11004 -45.69205   244.95  5342.41 2.18 1.98  23.4 -0.395 18.71 19.31 02a58261o0091o
58261.272656  19.907  0.481    40   19 o  0   1.88 162.11004 -45.69205   219.69  5300.17 2.16 1.97  29.4 -0.416 18.68 19.30 02a58261o0107o
58261.279570  21.196  2.461    12   30 o  0   1.10 162.11004 -45.69205  9776.45  5357.29 2.38 2.28  67.3 -0.430 18.66 19.35 02a58261o0122o
58261.286931 -20.029  0.782   -35   28 o  0   1.09 162.11004 -45.69205  9764.37  5318.28 2.52 2.28  63.0 -0.465 18.67 19.32 02a58261o0138o
58261.294316  20.941  1.727    15   26 o  0   0.93 162.11004 -45.69205  9819.82  5392.22 2.39 2.25  60.7 -0.459 18.67 19.29 02a58261o0154o
58263.274762 -17.888  0.827  -254  210 o  0   1.06 162.11004 -45.69205  9590.80  5123.90 3.01 2.74 -87.1 -0.500 16.50 16.94 01a58263o0085o
58263.289109  18.614  3.532   130  460 o  0   1.30 162.11004 -45.69205    48.81  5350.34 3.02 2.83 -52.2 -0.432 16.36 16.89 01a58263o0116o
58273.260755  22.346  9.700     4   41 o  0   1.85 162.11004 -45.69205 10132.66  4079.65 2.69 2.13  88.5 -0.471 18.34 20.25 02a58273o0054o
58273.269333  19.920  1.148    39   45 o  0   0.77 162.11004 -45.69205 10107.23  4040.87 2.88 2.18  81.1 -0.463 18.31 20.09 02a58273o0071o
58275.245669  19.453  0.810    60   49 o  0   1.42 162.11004 -45.69205  1233.55  7094.40 2.84 2.74 -62.0 -0.485 18.36 19.29 01a58275o0046o
58275.253672  21.278  2.034    11   23 o  0   0.97 162.11004 -45.69205  1259.51  7161.85 2.89 2.64 -86.2 -0.478 18.91 20.20 01a58275o0063o
58275.261565 -20.303  0.820   -28   22 o  0   0.95 162.11004 -45.69205  1202.44  7116.47 3.04 2.70 -87.9 -0.464 18.97 20.36 01a58275o0080o
58459.586415  19.862  0.524    41   22 o  0   1.37 162.11004 -45.69205  4127.98   341.86 4.28 3.95  19.0 -0.373 18.81 20.67 01a58459o0872o
58459.594255  20.921  1.415    16   22 o  0   1.16 162.11004 -45.69205  4099.42   277.78 4.19 3.88  27.0 -0.387 18.80 20.75 01a58459o0889o
58459.602084  20.023  0.593    36   21 o  0   0.96 162.11004 -45.69205  4140.68   332.07 3.79 3.57  22.9 -0.389 18.92 20.85 01a58459o0906o
58459.610958  21.969  3.158     6   19 o  0   1.16 162.11004 -45.69205  4139.50   185.53 3.80 3.56  35.8 -0.386 18.94 20.86 01a58459o0923o
58465.609748  21.721  3.474     7   26 o  0   1.11 162.11004 -45.69205  6291.64   797.84 2.17 1.94  74.8 -0.469 18.22 20.18 02a58465o0918o
58465.620736 -20.503  1.350   -23   31 o  0   2.54 162.11004 -45.69205  6301.80   835.79 2.36 2.13  81.7 -0.473 17.98 19.96 02a58465o0942o
58465.621660 -23.498 51.429    -1   74 o  0   0.73 162.11004 -45.69205  8349.67 10515.67 2.26 2.15  24.1 -0.430 18.92 20.66 02a58465o0944o
58467.607611  18.286  0.186   176   33 o  0   5.58 162.11004 -45.69205   302.82    80.12 3.84 3.66  -6.5 -0.432 19.05 20.94 01a58467o0908o
58467.608071  22.658  5.545     3   17 o  0   1.21 162.11004 -45.69205  2349.59  8902.39 3.48 3.18 -82.5 -0.419 18.93 20.83 01a58467o0909o
58467.618674  20.091  0.557    33   19 o  0   1.11 162.11004 -45.69205  2311.06  8825.92 3.72 3.40 -79.7 -0.410 18.76 20.88 01a58467o0932o
58467.622367  20.137 11.522    32  369 o  0   0.01 162.11004 -45.69205  9242.50    44.44 4.11 3.68 -74.4 -0.395 19.00 20.96 01a58467o0940o
58467.628355 -19.961  0.481   -38   18 o  0   1.12 162.11004 -45.69205  2371.72  8868.75 3.57 3.24 -81.6 -0.412 18.78 20.82 01a58467o0953o
58467.628816 -21.394  3.800   -10   38 o  0   0.51 162.11004 -45.69205   324.96    44.46 4.27 4.12 -74.4 -0.399 19.01 21.00 01a58467o0954o
58467.639407  20.028  0.687    35   24 o  0   0.97 162.11004 -45.69205  2377.48  8711.00 3.65 3.39 -70.8 -0.418 18.64 20.80 01a58467o0977o
58469.655950 -22.971 15.167    -2   36 o  0   0.88 162.11004 -45.69205  3052.79  3915.27 2.67 2.03  84.7 -0.453 18.31 20.54 02a58469o1021o
58469.660078  21.233  5.071    12   59 o  0   0.96 162.11004 -45.69205   949.91  8659.18 2.89 2.44  85.9 -0.456 17.71 20.18 02a58469o1030o
58469.666023  21.098  4.359    13   58 o  0   0.99 162.11004 -45.69205  3041.05  3879.38 2.61 2.05  80.4 -0.461 17.80 20.04 02a58469o1043o
58469.674255 -20.360 33.970   -26  885 o  0   1.54 162.11004 -45.69205  1020.47  8740.67 2.99 2.60  85.7 -0.477 15.98 18.03 02a58469o1061o
58469.674712  20.185  9.279    31  284 o  0   1.07 162.11004 -45.69205  3095.04  3959.01 2.63 2.16  85.9 -0.413 16.18 17.98 02a58469o1062o
58471.635305  23.518 16.333     1   23 o  0   1.14 162.11004 -45.69205  6749.41  2463.74 3.65 3.50  55.3 -0.404 18.57 20.72 01a58471o0904o
58471.636225 -19.602  0.539   -52   28 o  0   1.12 162.11004 -45.69205  8748.72  1513.32 4.65 4.08  75.8 -0.384 18.39 20.69 01a58471o0906o
58471.646355  21.865  3.455     6   22 o  0   1.39 162.11004 -45.69205  8769.72  1591.94 4.74 3.92  79.3 -0.392 18.51 20.78 01a58471o0928o
58471.646816 -21.484  2.667    -9   25 o  0   1.15 162.11004 -45.69205  6772.88  2546.47 4.74 4.23  71.2 -0.383 18.49 20.80 01a58471o0929o
58471.656951 -20.362  0.797   -26   21 o  0   1.32 162.11004 -45.69205  6723.91  2509.22 3.97 3.45  84.7 -0.402 18.66 20.55 01a58471o0951o
58471.657872 -19.685  0.593   -48   29 o  0   0.94 162.11004 -45.69205  8720.52  1558.33 4.93 4.32  84.9 -0.385 18.34 20.38 01a58471o0953o
58471.661560  23.202 16.500     2   31 o  0   1.05 162.11004 -45.69205  8694.69  1690.63 4.68 3.82  85.4 -0.391 18.26 19.91 01a58471o0961o
58471.662479 -21.131  2.548   -13   33 o  0   1.17 162.11004 -45.69205  6700.30  2647.12 4.12 3.88  76.4 -0.391 18.18 19.75 01a58471o0963o
58473.626459 -20.609  2.838   -21   59 o  0   1.44 162.11004 -45.69205  1391.90  4729.97 2.67 2.60  60.5 -0.432 17.56 19.38 02a58473o0953o
58473.628747 -21.246  5.571   -12   64 o  0   1.06 162.11004 -45.69205  1408.02  4767.25 2.59 2.44  66.5 -0.454 17.56 19.38 02a58473o0958o
58473.638541  18.995  2.216    92  203 o  0   0.78 162.11004 -45.69205  7663.33  8803.34 3.15 2.67  58.9 -0.425 16.50 18.99 02a58473o0979o
58473.653583 -21.558  8.500    -9   74 o  0   1.12 162.11004 -45.69205  7692.98  8685.20 3.61 2.83  63.2 -0.401 17.13 19.88 02a58473o1011o
58473.654041  19.005  0.796    91   72 o  0   0.69 162.11004 -45.69205  9229.16  5736.99 3.35 2.56  73.7 -0.421 17.62 20.11 02a58473o1012o
58475.608741 -19.632  1.562   -51   80 o  0   0.78 162.11004 -45.69205    36.59  7773.44 3.37 3.13 -68.1 -0.383 17.73 18.83 01a58475o0904o
58475.627515 -21.038  5.727   -14   80 o  0   0.98 162.11004 -45.69205  9627.41  7702.86 4.18 3.32 -83.2 -0.397 17.88 18.89 01a58475o0944o
58475.639217 -17.308  0.146  -434   63 o  0   1.22 162.11004 -45.69205  1110.86  2601.55 3.61 3.58   2.2 -0.419 17.71 19.03 01a58475o0969o
58475.641057 -17.919  0.213  -247   53 o  0   1.68 162.11004 -45.69205  1168.07  2684.13 3.85 3.54  83.8 -0.429 17.62 19.03 01a58475o0973o
58475.645214 -17.337  0.128  -422   54 o  0   1.21 162.11004 -45.69205  1102.81  2741.86 3.80 3.58  87.2 -0.416 17.70 19.03 01a58475o0982o
58479.584423  20.859  1.776    16   29 o  0   1.45 162.11004 -45.69205   926.30  2038.39 3.29 3.16  37.9 -0.428 18.68 19.92 01a58479o0824o
58479.588104 -20.578  1.347   -21   29 o  0   1.15 162.11004 -45.69205 10004.56  1970.94 4.06 3.00 -89.7 -0.451 18.66 19.88 01a58479o0832o
58479.588563  20.190  0.806    30   25 o  0   1.45 162.11004 -45.69205  8584.12  8824.93 3.92 2.91 -84.6 -0.413 18.53 19.73 01a58479o0833o
58479.591327  19.332  0.426    67   29 o  0   1.91 162.11004 -45.69205   960.61  2052.71 3.22 3.13  17.8 -0.428 18.74 19.94 01a58479o0839o
58479.592707  19.469  0.516    59   31 o  0   1.37 162.11004 -45.69205   902.40  1966.90 3.24 3.14  52.7 -0.437 18.70 19.95 01a58479o0842o
58479.597772  22.192  5.933     5   29 o  0   1.29 162.11004 -45.69205  9965.83  1897.89 4.33 3.06 -88.3 -0.451 18.67 19.92 01a58479o0853o
58479.599155 -19.505  0.554   -57   32 o  0   1.22 162.11004 -45.69205  8558.97  8747.24 4.59 3.30 -82.5 -0.371 18.44 19.67 01a58479o0856o
58479.601469  20.307  1.124    27   31 o  0   1.15 162.11004 -45.69205   964.11  1897.30 3.29 3.14  59.8 -0.419 18.72 19.94 01a58479o0861o
58483.614921 -19.302  0.398   -69   28 o  0   1.11 162.11004 -45.69205  9576.45  1571.72 5.35 4.43  88.6 -0.348 18.35 20.56 01a58483o0450o
58483.622306 -21.162  1.741   -12   22 o  0   1.15 162.11004 -45.69205  7424.49  4477.28 4.40 4.21 -85.5 -0.396 18.67 20.76 01a58483o0466o
58483.623693  20.394  0.891    25   22 o  0   1.46 162.11004 -45.69205  9595.50  1645.78 4.92 4.14 -85.0 -0.361 18.56 20.64 01a58483o0469o
58483.631070  20.895  1.350    16   22 o  0   0.98 162.11004 -45.69205  7456.22  4551.84 4.32 3.92 -89.2 -0.391 18.74 20.76 01a58483o0485o
58483.632459 -19.352  0.349   -66   23 o  0   1.03 162.11004 -45.69205  9543.40  1602.69 4.65 3.68 -84.7 -0.366 18.64 20.62 01a58483o0488o
58483.639838 -20.363  0.977   -26   25 o  0   1.17 162.11004 -45.69205  7405.23  4507.67 5.24 4.80 -79.9 -0.401 18.52 20.74 01a58483o0504o
58483.641215 -19.806  0.580   -43   25 o  0   0.99 162.11004 -45.69205  9517.22  1754.04 4.63 3.84 -83.8 -0.381 18.64 20.65 01a58483o0507o
58483.648611  22.519  7.000     4   25 o  0   1.21 162.11004 -45.69205  7380.22  4658.34 5.53 4.86 -81.5 -0.350 18.52 20.72 01a58483o0523o
58485.623828 -19.483  0.571   -58   33 c  0   0.84 162.11004 -45.69205  4968.98  3944.88 3.63 2.96  85.4 -0.406 18.27 21.06 02a58485o0929c
58485.625200   0.000 19.773    -0   45 c  0   1.06 162.11004 -45.69205  3071.58  8716.57 3.90 3.11  87.4 -0.393 17.77 20.85 02a58485o0932c
58485.633456  19.043  0.323    88   28 c  0   1.18 162.11004 -45.69205  4957.05  3904.61 3.71 3.12  84.2 -0.394 18.32 21.07 02a58485o0950c
58485.637592  19.179  0.528    77   41 c  0   1.10 162.11004 -45.69205  3127.83  8794.65 3.75 3.18  79.4 -0.394 17.93 20.90 02a58485o0959c
58485.645843  21.677  3.571     8   28 c  0   1.24 162.11004 -45.69205  5012.51  3983.75 3.47 2.90  84.1 -0.396 18.46 21.05 02a58485o0977c
58485.646757 -19.656  0.739   -50   37 c  0   1.36 162.11004 -45.69205  3156.80  8679.13 3.91 3.31  88.8 -0.392 17.90 20.89 02a58485o0979c
58485.652246 -20.585  1.047   -21   22 c  0   1.52 162.11004 -45.69205  5026.64  3868.18 3.28 2.76 -88.8 -0.398 18.53 21.04 02a58485o0991c
58487.609967  20.948  1.217    15   18 o  0   0.98 162.11004 -45.69205  5252.00  1569.71 3.17 3.09 -26.3 -0.430 18.83 20.75 01a58487o0903o
58487.615500 -20.615  0.762   -21   16 o  0   1.19 162.11004 -45.69205  3531.37  4530.17 3.21 3.00 -76.1 -0.441 19.01 20.89 01a58487o0915o
58487.619650 -20.881  1.146   -16   18 o  0   1.17 162.11004 -45.69205  5271.24  1646.71 3.42 3.38 -27.9 -0.415 18.84 20.78 01a58487o0924o
58487.625197 -21.428  1.744   -10   17 o  0   1.06 162.11004 -45.69205  3563.78  4606.27 3.38 2.99 -87.6 -0.439 19.03 20.96 01a58487o0936o
58487.629354 -21.245  1.618   -12   19 o  0   1.11 162.11004 -45.69205  5220.07  1607.98 3.69 3.44 -23.4 -0.422 18.87 20.85 01a58487o0945o
58487.634874 -20.001  0.386   -36   14 o  0   1.27 162.11004 -45.69205  3513.06  4567.99 3.33 2.89 -88.3 -0.436 19.09 20.96 01a58487o0957o
58487.639031 -23.324 10.833    -2   18 o  0   0.91 162.11004 -45.69205  5196.62  1763.24 3.47 3.23  -9.2 -0.418 18.97 20.85 01a58487o0966o
58487.644561 -21.686  3.000    -8   23 o  0   1.21 162.11004 -45.69205  3489.82  4722.21 3.65 3.19 -86.2 -0.425 18.97 20.96 01a58487o0978o
58489.610499 -21.226  2.263   -12   27 c  0   1.27 162.11004 -45.69205  1376.33  5791.53 3.31 2.46  84.6 -0.429 18.30 21.07 02a58489o0512c
58489.619747  19.951  0.831    38   32 c  0   1.08 162.11004 -45.69205  1351.45  5753.58 3.40 2.77  82.6 -0.425 18.33 21.09 02a58489o0532c
58489.624813  19.891  1.187    40   48 c  0   0.94 162.11004 -45.69205  9193.43  8728.57 3.77 2.78  79.5 -0.403 17.78 20.84 02a58489o0543c
58489.629423  19.755  0.736    46   34 c  0   0.86 162.11004 -45.69205  1420.78  5833.79 3.44 2.84  80.3 -0.419 18.35 21.10 02a58489o0553c
58489.634517  20.532  1.882    22   42 c  0   1.23 162.11004 -45.69205  9168.06  8691.90 4.11 3.20  77.0 -0.401 17.87 20.97 02a58489o0564c
58489.639121  19.278  0.414    71   29 c  0   0.98 162.11004 -45.69205  1437.00  5718.09 3.41 2.92  84.7 -0.420 18.35 21.08 02a58489o0574c
58489.644190  18.894  0.404   100   41 c  0   1.18 162.11004 -45.69205  9224.85  8768.82 3.54 2.72 -86.6 -0.400 18.08 21.00 02a58489o0585c
58489.653877  20.427  1.630    24   40 c  0   0.96 162.11004 -45.69205  9252.76  8652.42 3.57 2.77 -83.0 -0.403 18.10 20.98 02a58489o0606c
58491.556913  21.434  1.382    10   13 o  0   1.55 162.11004 -45.69205  6211.17  2085.95 3.74 3.33  75.5 -0.410 19.17 21.47 01a58491o0780o
58491.557372  22.638  4.700     3   15 o  0   1.26 162.11004 -45.69205  4437.83  8867.79 3.60 3.22  86.2 -0.417 19.04 21.35 01a58491o0781o
58491.567408 -20.548  0.732   -22   16 o  0   1.03 162.11004 -45.69205  6171.88  2008.84 3.86 3.50  77.0 -0.411 19.19 21.55 01a58491o0802o
58491.568330  20.307  0.627    27   17 o  0   1.22 162.11004 -45.69205  4414.10  8788.70 3.82 3.47  89.7 -0.415 18.86 21.26 01a58491o0804o
58491.579316 -20.692  1.067   -19   20 o  0   0.99 162.11004 -45.69205  4462.63  8824.46 3.65 3.31  89.5 -0.427 18.85 21.16 01a58491o0827o
58491.579776 -19.315  0.327   -68   22 o  0   0.91 162.11004 -45.69205  6220.41  2039.85 3.67 3.56  51.7 -0.417 19.17 21.58 01a58491o0828o
58491.589904  21.189  1.741    12   21 o  0   1.08 162.11004 -45.69205  4482.98  8667.80 3.56 3.19  84.1 -0.426 18.72 21.16 01a58491o0850o
58491.590365 -20.859  1.037   -16   17 o  0   1.19 162.11004 -45.69205  6239.29  1882.25 3.54 3.40  12.7 -0.427 19.23 21.63 01a58491o0851o
58493.542754  20.162  0.795    31   25 c  0   0.95 162.11004 -45.69205  8142.72  8595.06 2.82 2.69  87.0 -0.402 18.82 21.10 02a58493o0749c
58493.543211 -20.701  2.000   -19   38 c  0   0.71 162.11004 -45.69205 10345.15  1884.53 2.86 2.38 -73.6 -0.438 18.08 20.71 02a58493o0750c
58493.553150  20.448  1.125    24   27 c  0   0.76 162.11004 -45.69205  8166.72  8633.25 2.62 2.46 -85.2 -0.409 18.82 21.09 02a58493o0771c
58493.562685 -22.969 17.500    -2   41 c  0   1.05 162.11004 -45.69205   551.41  1846.88 3.34 2.91  58.7 -0.416 17.77 20.63 02a58493o0791c
58493.565434  19.845  0.722    42   30 c  0   1.33 162.11004 -45.69205  8108.71  8552.54 3.23 3.07  82.6 -0.391 18.45 21.04 02a58493o0797c
58493.575498 -19.622  0.908   -51   47 c  0   0.92 162.11004 -45.69205  8078.45  8668.33 3.03 2.67 -85.0 -0.409 18.36 20.98 02a58493o0819c
58495.601165 -20.149  0.500   -32   16 o  0   1.31 162.11004 -45.69205  4011.57  1640.46 3.89 3.55  -3.3 -0.407 18.86 21.18 01a58495o0875o
58495.604863 -21.074  1.234   -14   17 o  0   1.18 162.11004 -45.69205  2358.48  6546.76 3.61 3.39 -75.6 -0.422 19.11 21.40 01a58495o0883o
58495.610872 -20.887  0.937   -16   15 o  0   1.17 162.11004 -45.69205  4029.62  1717.82 3.65 3.49  87.5 -0.420 18.92 21.27 01a58495o0896o
58495.614564 -20.279  0.505   -28   14 o  0   2.03 162.11004 -45.69205  2390.25  6622.03 3.68 3.31 -84.4 -0.425 19.16 21.38 01a58495o0904o
58495.620575 -20.607  0.733   -21   15 o  0   1.48 162.11004 -45.69205  3977.41  1679.21 3.78 3.68 -19.0 -0.405 18.94 21.24 01a58495o0917o
58495.624261 -20.262  0.626   -28   18 o  0   0.99 162.11004 -45.69205  2324.71  6585.10 3.72 3.33 -86.6 -0.419 19.12 21.40 01a58495o0925o
58495.630262  22.675  6.100     3   19 o  0   0.93 162.11004 -45.69205  3952.04  1834.91 3.63 3.45 -29.9 -0.423 19.03 21.23 01a58495o0938o
58495.633955  22.311  3.786     4   16 o  0   1.08 162.11004 -45.69205  2312.71  6739.29 3.86 3.44 -79.2 -0.415 19.04 21.35 01a58495o0946o
58497.536795  22.058  3.450     6   19 o  0   1.07 162.11004 -45.69205 10341.69  1884.57 2.24 2.13  67.4 -0.486 19.24 20.49 02a58497o0741o
58497.547502  22.653  6.333     3   20 o  0   1.20 162.11004 -45.69205   181.73  8624.91 2.34 2.02  -1.4 -0.464 19.15 20.51 02a58497o0764o
58497.555000 -20.655 16.525   -20  328 o  0   0.01 162.11004 -45.69205  3204.90 10517.06 2.15 1.95  29.7 -0.483 19.41 20.72 02a58497o0780o
58497.555457 -20.513  0.771   -23   17 o  0   0.78 162.11004 -45.69205   547.24  1847.78 1.99 1.91  43.2 -0.525 19.26 20.55 02a58497o0781o
58497.557948  19.719  0.487    47   23 o  0   0.88 162.11004 -45.69205   236.47  8703.59 2.38 2.06  11.6 -0.464 19.22 20.60 02a58497o0786o
58497.566345  22.516  5.393     4   19 o  0   0.65 162.11004 -45.69205   573.35  1883.20 2.14 1.90  46.9 -0.536 19.31 20.62 02a58497o0804o
58497.567908 -21.261  1.892   -11   22 o  0   1.02 162.11004 -45.69205  7390.76    68.49 2.44 2.12  46.1 -0.460 19.38 20.78 02a58497o0807o
58497.568824 -22.280  5.400    -4   24 o  0   1.03 162.11004 -45.69205   265.83  8587.40 2.25 1.99   4.6 -0.474 19.23 20.63 02a58497o0809o
58497.576631 -21.481  1.823    -9   17 o  0   0.95 162.11004 -45.69205   513.74  1806.70 2.05 1.80  37.6 -0.552 19.37 20.64 02a58497o0825o
58497.589046  22.988  6.562     2   15 o  0   1.31 162.11004 -45.69205 10060.56  8618.84 2.34 2.10  42.9 -0.467 19.25 20.65 02a58497o0851o
58503.541999 -20.918  2.880   -16   45 o  0   1.26 162.11004 -45.69205  8078.43  1975.21 4.19 3.29 -85.0 -0.411 18.00 19.05 01a58503o0739o
58503.552110 -19.321  1.531   -68  104 o  0   0.96 162.11004 -45.69205  2725.86  8392.00 3.79 3.51 -82.4 -0.415 17.93 18.93 01a58503o0760o
58503.562907  20.455  2.348    24   56 o  0   1.02 162.11004 -45.69205  8093.46  1934.76 3.86 3.48 -66.0 -0.405 17.91 19.08 01a58503o0783o
58503.568138 -19.218  1.070   -75   80 o  0   1.16 162.11004 -45.69205  2659.39  8496.47 3.72 3.42 -80.9 -0.419 18.02 19.06 01a58503o0794o
58507.497906 -21.841  4.926    -7   33 o  0   1.14 162.11004 -45.69205  4319.03  2111.92 3.27 3.17  -2.2 -0.432 18.25 19.22 01a58507o0634o
58507.506192  20.825  2.065    17   35 o  0   0.92 162.11004 -45.69205  4364.12  2160.56 3.13 2.91  81.0 -0.456 18.35 19.25 01a58507o0652o
58507.516651  22.208  6.450     5   31 o  0   1.31 162.11004 -45.69205  4379.56  2006.62 3.27 3.08  78.4 -0.438 18.34 19.28 01a58507o0674o
58519.518290 -20.724  1.104   -19   21 o  0   1.15 162.11004 -45.69205  7549.73  6595.55 4.37 3.83  87.5 -0.387 18.92 20.97 01a58519o0683o
58519.530723 -20.484  0.808   -23   19 o  0   1.21 162.11004 -45.69205  7564.84  6633.09 4.08 3.37 -84.2 -0.408 19.06 21.07 01a58519o0710o
58519.539937 -21.221  1.893   -12   22 o  0   1.13 162.11004 -45.69205  7509.46  6553.73 4.93 3.83 -86.1 -0.371 18.97 21.12 01a58519o0730o
58519.545920 -20.284  0.674   -28   19 o  0   1.24 162.11004 -45.69205  7484.16  6670.40 4.10 3.48 -85.4 -0.394 19.06 21.13 01a58519o0743o
58523.515697 -21.010  1.681   -14   24 o  0   1.02 162.11004 -45.69205  1401.03  4821.24 3.55 3.07  85.7 -0.452 18.70 20.62 01a58523o0534o
58523.522603 -20.932  1.207   -15   19 o  0   1.23 162.11004 -45.69205  1415.61  4858.15 3.35 3.01  84.6 -0.456 18.86 20.72 01a58523o0549o
58523.531348  21.393  1.854    10   19 o  0   1.22 162.11004 -45.69205  1360.04  4782.79 3.38 2.90  86.4 -0.458 18.97 20.79 01a58523o0568o
58523.543777 -23.530 13.600    -1   19 o  0   1.10 162.11004 -45.69205  1335.99  4898.13 3.75 3.15  88.5 -0.439 18.93 20.88 01a58523o0595o
58527.489197 -19.888  0.973   -40   39 o  0   0.71 162.11004 -45.69205  4778.95 10518.97 4.28 3.78 -67.4 -0.375 19.09 20.97 01a58527o0590o
58527.491040 -21.112  1.857   -13   24 o  0   1.33 162.11004 -45.69205  2145.04   896.34 3.37 3.13  75.5 -0.440 18.44 20.55 01a58527o0594o
58527.501715 -20.340  0.831   -26   22 o  0   1.09 162.11004 -45.69205  2158.61   933.45 3.37 3.14  74.4 -0.451 18.52 20.54 01a58527o0617o
58527.503095 -20.252  0.713   -29   20 o  0   1.19 162.11004 -45.69205  4752.67 10477.70 4.37 3.68 -75.6 -0.376 19.06 20.94 01a58527o0620o
58527.503555 -22.402  5.900    -4   24 o  0   1.25 162.11004 -45.69205  2102.17   857.09 3.30 3.18  53.3 -0.444 18.57 20.53 01a58527o0621o
58527.511281 -20.349  0.761   -26   20 o  0   1.23 162.11004 -45.69205  2078.69   976.30 3.32 3.25  52.4 -0.428 18.64 20.59 01a58527o0637o
58531.499747  21.672  5.167     8   40 o  0   0.77 162.11004 -45.69205  4742.36  1785.14 3.40 3.24  74.6 -0.429 17.94 19.03 01a58531o0630o
58531.501618 -19.575  0.671   -54   36 o  0   0.97 162.11004 -45.69205  2947.70  2810.87 3.46 3.15  82.0 -0.446 17.95 19.08 01a58531o0634o
58531.509460 -19.278  0.502   -71   35 o  0   0.95 162.11004 -45.69205  4756.98  1822.84 3.30 3.14  75.1 -0.443 17.99 19.08 01a58531o0651o
58531.511305  21.526  4.000     9   36 o  0   1.00 162.11004 -45.69205  2962.62  2847.95 3.27 3.02  80.5 -0.451 18.07 19.13 01a58531o0655o
58531.519143  20.579  1.618    21   34 o  0   1.07 162.11004 -45.69205  4701.13  1745.09 3.35 3.21  74.8 -0.437 17.97 19.10 01a58531o0672o
58531.520983  21.047  2.527    14   35 o  0   1.31 162.11004 -45.69205  2906.96  2771.10 3.28 3.01  83.8 -0.448 18.10 19.13 01a58531o0676o
58531.528832  22.716 12.600     3   38 o  0   1.02 162.11004 -45.69205  4689.88  1860.94 3.58 3.33  80.4 -0.426 17.98 19.09 01a58531o0693o
58531.530676 -20.750  1.838   -18   34 o  0   1.50 162.11004 -45.69205  2882.48  2887.16 3.41 3.15  83.0 -0.443 18.02 19.12 01a58531o0697o
58539.477023  20.344  1.055    26   28 o  0   0.73 162.11004 -45.69205  9185.02  4676.50 3.90 3.18  88.8 -0.440 18.82 20.24 01a58539o0559o
58539.485821 -20.648  1.333   -20   27 o  0   0.75 162.11004 -45.69205  9213.49  4715.00 3.92 3.20 -89.9 -0.434 18.76 20.20 01a58539o0578o
58539.491834  20.922  1.569    16   24 o  0   1.88 162.11004 -45.69205  1306.19  1907.62 3.20 3.00 -12.1 -0.441 18.66 20.07 01a58539o0591o
58539.494599  19.596  0.533    53   28 o  0   0.92 162.11004 -45.69205  9143.53  4636.22 4.08 3.39  88.8 -0.418 18.67 20.16 01a58539o0597o
58539.500582  22.412  6.538     4   26 o  0   0.78 162.11004 -45.69205  1334.97  1944.10 3.43 3.40 -34.4 -0.428 18.60 20.03 01a58539o0610o
58539.503355 -19.775  0.598   -45   27 o  0   1.21 162.11004 -45.69205  9132.25  4751.76 4.45 3.52  89.3 -0.402 18.59 20.09 01a58539o0616o
58539.518113  19.331  0.412    67   28 o  0   2.72 162.11004 -45.69205  1254.16  1985.35 3.50 3.28  75.0 -0.435 18.59 19.98 01a58539o0648o
58543.446033 -21.424  2.231   -10   22 o  0   1.25 162.11004 -45.69205 10278.52  1782.86 3.53 3.07  83.3 -0.460 18.76 20.55 01a58543o0489o
58543.446494  19.961  0.481    38   18 o  0   1.25 162.11004 -45.69205  8214.19  8540.55 3.31 3.08 -84.2 -0.423 19.15 20.80 01a58543o0490o
58543.451560  22.441  4.667     4   18 o  0   1.33 162.11004 -45.69205  8241.63  8580.23 3.63 3.16 -84.1 -0.403 19.15 20.79 01a58543o0501o
58543.452022 -19.882  0.525   -40   21 o  0   1.08 162.11004 -45.69205 10305.71  1821.81 3.46 3.08  87.8 -0.447 18.76 20.53 01a58543o0502o
58543.460772 -20.991  1.235   -15   18 o  0   1.10 162.11004 -45.69205  8186.23  8500.51 3.87 3.34 -87.3 -0.389 19.10 20.82 01a58543o0521o
58543.461233 -20.380  0.708   -26   18 o  0   1.23 162.11004 -45.69205 10249.69  1741.92 3.25 3.02 -84.7 -0.453 18.88 20.57 01a58543o0522o
58543.464916  20.800  1.554    17   27 o  0   0.58 162.11004 -45.69205   485.49  1951.97 2.97 2.88 -43.4 -0.481 18.80 20.53 01a58543o0530o
58543.470437  19.721  0.536    47   25 o  0   0.79 162.11004 -45.69205   513.93  1988.43 3.41 3.06 -18.8 -0.430 18.84 20.55 01a58543o0542o
58543.471356 -22.666  6.889    -3   22 o  0   1.04 162.11004 -45.69205   456.81  1913.34 3.37 3.15 -22.4 -0.440 18.79 20.57 01a58543o0544o
58543.473658  20.742  1.145    18   21 o  0   0.96 162.11004 -45.69205 10223.30  1856.97 3.67 3.06  87.6 -0.446 18.95 20.63 01a58543o0549o
58543.474118  21.653  2.065     8   16 o  0   1.55 162.11004 -45.69205  8163.13  8614.71 3.56 3.18 -89.6 -0.412 19.08 20.86 01a58543o0550o
58543.477798 -20.091  0.642   -33   21 o  0   0.89 162.11004 -45.69205   432.12  2031.92 3.25 3.14 -26.9 -0.456 18.90 20.63 01a58543o0558o
58547.430292 -17.731  0.364  -294  107 o  0   0.67 162.11004 -45.69205 10277.65  1784.05 3.37 2.88  85.1 -0.470 17.49 19.32 01a58547o0473o
58547.444107  21.716  3.375     8   25 o  0   1.14 162.11004 -45.69205 10305.46  1821.64 3.38 3.23 -80.1 -0.439 18.49 20.36 01a58547o0503o
58547.449171  20.211  0.941    30   28 o  0   1.14 162.11004 -45.69205   485.56  1952.47 3.51 2.99 -18.0 -0.441 18.28 20.19 01a58547o0514o
58547.452398   0.000 20.253     0   29 o  0   0.89 162.11004 -45.69205 10250.07  1741.57 3.41 3.33 -65.0 -0.429 18.49 20.36 01a58547o0521o
58547.458849  22.957  9.714     2   23 o  0   1.10 162.11004 -45.69205 10223.94  1858.22 3.13 3.07 -70.6 -0.436 18.68 20.41 01a58547o0535o
58547.461153 -21.228 43.621   -12  511 o  0   0.01 162.11004 -45.69205  3282.68 10523.25 3.44 3.22 -69.7 -0.414 18.69 20.46 01a58547o0540o
58547.462074  20.381  1.143    26   29 o  0   1.01 162.11004 -45.69205   514.15  1987.97 3.69 3.32 -13.6 -0.401 18.62 20.48 01a58547o0542o
58547.471283  21.282  3.667    11   41 o  0   0.78 162.11004 -45.69205   457.47  1912.08 3.48 3.16 -17.3 -0.420 18.20 19.96 01a58547o0562o
58547.477271 -19.387  0.926   -64   59 o  0   1.09 162.11004 -45.69205   433.26  2031.16 3.39 3.17 -20.6 -0.415 17.47 19.21 01a58547o0575o
58551.449444  21.017  1.595    14   23 o  0   1.13 162.11004 -45.69205  6928.32  1754.61 3.90 3.56 -16.2 -0.392 18.24 20.23 01a58551o0513o
58551.451317  20.020  0.649    36   23 o  0   1.10 162.11004 -45.69205  4915.91  2751.52 3.56 3.50 -32.4 -0.395 18.42 20.33 01a58551o0517o
58551.459167  20.824  1.260    17   21 o  0   1.40 162.11004 -45.69205  6956.42  1792.92 3.89 3.58 -17.7 -0.383 18.36 20.25 01a58551o0534o
58551.461009 -21.207  1.875   -12   22 o  0   1.04 162.11004 -45.69205  4944.32  2789.47 3.61 3.47 -19.4 -0.408 18.59 20.31 01a58551o0538o
58551.468885  19.906  0.493    40   20 o  0   1.14 162.11004 -45.69205  6886.84  1715.33 3.48 3.12 -16.8 -0.410 18.56 20.22 01a58551o0555o
58551.470762  22.121  3.591     5   18 o  0   1.30 162.11004 -45.69205  4874.99  2713.16 3.21 3.13 -23.3 -0.432 18.79 20.34 01a58551o0559o
58551.480000  20.514  0.990    23   22 o  0   0.93 162.11004 -45.69205  4863.95  2828.67 2.98 2.90  -6.1 -0.455 18.86 20.36 01a58551o0579o
58555.442770  19.096  0.256    84   21 o  0   0.94 162.11004 -45.69205  5870.64  1764.54 3.55 3.40 -36.6 -0.414 18.46 20.73 01a58555o0495o
58555.444611  20.489  0.766    23   18 o  0   1.05 162.11004 -45.69205  4096.63  6640.31 3.63 3.46 -30.2 -0.408 18.94 20.93 01a58555o0499o
58555.452451  18.948  0.433    96   41 o  0   1.03 162.11004 -45.69205  5898.46  1802.87 3.39 3.23 -22.1 -0.422 17.61 19.60 01a58555o0516o
58555.463571  19.644  0.439    50   22 o  0   1.12 162.11004 -45.69205  4054.47  6602.46 3.43 3.25 -74.5 -0.430 18.72 20.60 01a58555o0540o
58559.414635  18.496  0.204   145   30 o  0   1.83 162.11004 -45.69205  6634.99 10490.66 3.63 3.42 -82.3 -0.430 18.45 19.63 01a58559o0386o
58559.418329  18.348  0.201   166   33 o  0   1.43 162.11004 -45.69205  4163.41   825.71 4.19 3.55 -17.9 -0.354 17.93 19.21 01a58559o0394o
58559.422951 -15.878  0.080 -1618  129 o  0   8.25 162.11004 -45.69205  6650.18 10529.05 3.63 3.34 -85.5 -0.432 18.41 19.60 01a58559o0404o
58559.426650  18.043  0.178   220   39 o  0   1.07 162.11004 -45.69205  4191.11   863.46 4.34 3.76 -12.8 -0.361 17.99 19.25 01a58559o0412o
58559.430794  18.234  0.176   185   32 o  0   1.17 162.11004 -45.69205  6594.73 10449.79 3.44 3.25 -82.8 -0.440 18.50 19.59 01a58559o0421o
58559.434489  18.339  0.185   168   31 o  0   1.11 162.11004 -45.69205  4121.21   786.25 3.55 3.13  -8.1 -0.408 18.16 19.32 01a58559o0429o
58559.442775  18.335  0.212   168   36 o  0   0.94 162.11004 -45.69205  4110.52   902.11 4.05 3.80   0.5 -0.382 18.01 19.33 01a58559o0447o
58567.381047  17.960  0.534   238  127 o  0   0.77 162.11004 -45.69205  8224.65   784.52 3.47 2.95 -11.2 -0.415 17.07 18.34 01a58567o0359o
58567.388883  17.425  0.481   389  187 o  0   1.17 162.11004 -45.69205  8252.07   822.75 3.57 3.08 -12.5 -0.402 16.43 17.65 01a58567o0376o
58567.396736  18.496  2.848   145  413 o  0   0.96 162.11004 -45.69205  8182.88   743.70 3.54 3.07  -9.4 -0.391 15.54 16.78 01a58567o0393o
58567.398577  17.657  0.783   314  246 o  0   0.95 162.11004 -45.69205 10343.91 10517.94 2.83 2.50  86.0 -0.583 17.03 17.84 01a58567o0397o
58571.394205  17.192  0.045   482   22 o  0   1.03 162.11004 -45.69205  8523.02  1761.51 3.30 3.23 -32.9 -0.413 18.80 20.40 01a58571o0311o
58571.397892  17.164  0.049   495   24 o  0   0.82 162.11004 -45.69205  6543.20  2732.43 3.85 3.57  -6.2 -0.401 18.73 20.40 01a58571o0319o
58571.402044  17.166  0.048   494   24 o  0   0.93 162.11004 -45.69205  8537.01  1800.25 3.75 3.65 -18.3 -0.394 18.70 20.37 01a58571o0328o
58571.405728  17.175  0.043   490   21 o  0   1.13 162.11004 -45.69205  6557.28  2770.97 3.39 3.33  -7.9 -0.417 18.85 20.41 01a58571o0336o
58571.410829  17.219  0.047   470   22 o  0   1.25 162.11004 -45.69205  8481.12  1720.30 4.12 3.80 -10.6 -0.363 18.68 20.36 01a58571o0347o
58571.414514  17.097  0.044   526   23 o  0   0.97 162.11004 -45.69205  6501.46  2692.27 3.76 3.42  -9.1 -0.411 18.79 20.38 01a58571o0355o
58571.419131  17.159  0.044   497   22 o  0   1.18 162.11004 -45.69205  8455.06  1837.32 3.80 3.39  -7.4 -0.380 18.78 20.32 01a58571o0365o
58571.422816  17.121  0.041   515   21 o  0   1.43 162.11004 -45.69205  6476.24  2808.39 3.66 3.34  -8.0 -0.414 18.79 20.32 01a58571o0373o
58575.396856  17.033  0.048   558   27 o  0   0.90 162.11004 -45.69205  2541.43  1858.92 3.27 3.20  -1.6 -0.414 18.68 20.15 01a58575o0388o
58575.398705  17.521  0.069   356   25 o  0   3.75 162.11004 -45.69205   944.57  2907.02 3.31 3.29  14.9 -0.420 18.71 20.17 01a58575o0392o
58575.401471  16.929  0.054   614   33 o  0   1.12 162.11004 -45.69205 10490.21  2730.13 3.75 3.43 -88.1 -0.414 18.63 20.14 01a58575o0398o
58575.405158  17.016  0.041   567   23 o  0   1.56 162.11004 -45.69205  2555.89  1896.30 3.39 3.32  18.4 -0.411 18.65 20.12 01a58575o0406o
58575.407001  17.628  0.089   323   29 o  0   2.37 162.11004 -45.69205   958.98  2943.95 3.40 3.29 -17.5 -0.417 18.68 20.13 01a58575o0410o
58575.409765  16.971  0.046   591   27 o  0   1.35 162.11004 -45.69205 10463.70  2845.84 3.49 3.45 -65.3 -0.412 18.59 20.05 01a58575o0416o
58575.413920  16.931  0.039   613   24 o  0   1.20 162.11004 -45.69205  2499.61  1819.45 3.36 3.31  24.7 -0.401 18.62 20.06 01a58575o0425o
58575.415763  17.194  0.051   481   24 o  0   3.39 162.11004 -45.69205   902.74  2868.20 3.40 3.35  61.5 -0.423 18.59 20.05 01a58575o0429o
58575.424062  17.179  0.060   488   29 o  0   2.38 162.11004 -45.69205   892.26  2983.40 3.74 3.70  51.9 -0.409 18.56 20.05 01a58575o0447o
58577.388603  16.982  0.033   585   19 c  0   1.48 162.11004 -45.69205  5888.50    55.95 2.72 2.31 -68.6 -0.420 19.36 21.17 02a58577o0362c
58577.391871  16.885  0.029   640   19 c  0   1.17 162.11004 -45.69205  8320.45  8754.59 2.94 2.83  79.7 -0.386 19.19 20.96 02a58577o0369c
58577.400628  16.997  0.028   577   16 c  0   1.73 162.11004 -45.69205  8308.19  8716.50 2.93 2.80  86.7 -0.385 19.23 21.00 02a58577o0388c
58577.405279  16.952  0.029   602   18 c  0   1.32 162.11004 -45.69205  5917.84    95.65 2.94 2.47 -65.2 -0.409 19.29 21.14 02a58577o0398c
58577.408973  16.882  0.026   641   17 c  0   1.68 162.11004 -45.69205  8364.38  8793.21 3.10 2.93 -71.1 -0.384 19.15 20.99 02a58577o0406c
58579.366913  16.804  0.032   689   22 o  0   1.46 162.11004 -45.69205  9723.50  8574.38 3.04 2.84 -86.1 -0.444 19.08 20.63 01a58579o0285o
58579.375233  16.872  0.032   647   21 o  0   1.57 162.11004 -45.69205  9738.00  8613.35 3.15 2.98 -89.4 -0.436 19.02 20.64 01a58579o0303o
58579.377997  16.810  0.035   686   24 o  0   1.14 162.11004 -45.69205  1995.44  1879.81 3.82 3.22 -15.6 -0.388 18.76 20.42 01a58579o0309o
58579.379844  16.868  0.031   650   20 o  0   1.23 162.11004 -45.69205   662.94  8751.12 2.96 2.69 -44.7 -0.448 19.04 20.64 01a58579o0313o
58579.383071  16.832  0.033   672   22 o  0   1.08 162.11004 -45.69205  9681.41  8533.70 3.23 3.01 -86.2 -0.431 19.03 20.56 01a58579o0320o
58579.386322  16.829  0.034   674   23 o  0   1.05 162.11004 -45.69205  2010.32  1918.12 3.37 3.03 -15.0 -0.409 18.88 20.42 01a58579o0327o
58579.388165  16.960  0.034   597   20 o  0   1.45 162.11004 -45.69205   691.59  8787.10 3.14 2.93 -49.3 -0.428 19.01 20.59 01a58579o0331o
58579.391387  16.862  0.035   654   23 o  0   1.11 162.11004 -45.69205  9671.73  8649.72 3.32 3.04  89.1 -0.430 18.97 20.53 01a58579o0338o
58579.394155  16.842  0.033   666   22 o  0   1.21 162.11004 -45.69205  1955.42  1842.27 3.61 3.25 -10.5 -0.388 18.82 20.38 01a58579o0344o
58579.395998  16.887  0.035   638   22 o  0   1.48 162.11004 -45.69205   637.78  8712.62 3.23 2.99 -75.9 -0.432 19.00 20.57 01a58579o0348o
58579.402462  16.915  0.037   622   23 o  0   1.19 162.11004 -45.69205  1931.83  1959.21 3.67 3.33 -14.2 -0.380 18.80 20.39 01a58579o0362o
58579.404302  16.841  0.039   666   26 o  0   1.15 162.11004 -45.69205   612.10  8829.10 3.84 3.63 -89.6 -0.411 18.84 20.55 01a58579o0366o
58581.390258  16.877  0.029   644   19 c  0   1.17 162.11004 -45.69205  5744.08  8782.62 3.15 2.45  44.7 -0.372 19.25 20.92 02a58581o0357c
58581.392140  16.820  0.025   679   17 c  0   1.38 162.11004 -45.69205  7559.86  7796.48 2.79 2.56  60.5 -0.397 19.29 20.94 02a58581o0361c
58581.402264  16.854  0.025   659   16 c  0   1.83 162.11004 -45.69205  7547.77  7758.34 2.78 2.58  63.6 -0.397 19.22 20.91 02a58581o0382c
58583.386004  16.881  0.037   642   24 o  0   1.29 162.11004 -45.69205  7247.42  4701.95 3.65 3.60 -51.6 -0.406 18.68 20.17 01a58583o0228o
58583.395316  16.776  0.037   707   26 o  0   0.98 162.11004 -45.69205  7192.83  4624.27 3.45 3.36 -64.8 -0.425 18.72 20.14 01a58583o0248o
58597.327487  17.968  2.164   236  511 o  0   0.08 162.11004 -45.69205  7348.90    34.65 2.73 2.40 -44.1 -0.451 18.68 20.65 02a58597o0226o
58599.343794  16.957  0.040   598   24 o  0   1.11 162.11004 -45.69205  5275.30  4683.31 3.58 3.28 -10.3 -0.397 18.63 20.38 01a58599o0260o
58599.351683  16.900  0.028   631   18 o  0   1.22 162.11004 -45.69205  5302.10  4721.06 3.07 2.90 -15.0 -0.439 19.16 20.98 01a58599o0277o
58599.359571  16.858  0.031   656   20 o  0   0.92 162.11004 -45.69205  5244.46  4644.42 3.11 2.97   0.5 -0.434 19.15 20.88 01a58599o0294o
58605.349467  17.166  0.035   494   18 c  0   1.47 162.11004 -45.69205  6487.83  3944.84 3.03 2.75  57.9 -0.377 19.08 21.03 02a58605o0237c
58611.273461  17.119  0.042   516   22 o  0   1.33 162.11004 -45.69205  4539.64  4314.69 3.67 3.12 -11.9 -0.417 18.85 20.39 01a58611o0091o
58611.275397  17.104  0.046   523   24 o  0   0.96 162.11004 -45.69205  4559.22  4352.73 3.57 3.04 -13.5 -0.419 18.88 20.40 01a58611o0095o
58611.281225  17.005  0.035   573   20 o  0   1.54 162.11004 -45.69205  4498.24  4275.69 3.59 3.10 -12.1 -0.416 18.91 20.40 01a58611o0107o
58611.296986  17.035  0.036   557   20 o  0   1.45 162.11004 -45.69205  4477.93  4391.52 3.49 3.09 -12.7 -0.415 18.98 20.45 01a58611o0140o
58613.252537  17.095  0.041   528   22 o  0   1.36 162.11004 -45.69205  6012.78  6261.45 2.89 2.04  42.6 -0.406 19.04 19.86 02a58613o0048o
58613.255343  17.056  0.039   546   21 o  0   1.38 162.11004 -45.69205  5993.29  6223.68 2.73 2.12  42.5 -0.412 18.99 19.89 02a58613o0054o
58613.260594  16.999  0.032   576   18 o  0   1.84 162.11004 -45.69205  6051.69  6301.99 2.86 2.11  43.2 -0.410 18.98 19.91 02a58613o0065o
58613.269849  17.019  0.036   566   20 o  0   1.21 162.11004 -45.69205  8822.96  8742.47 2.50 2.33  52.5 -0.418 18.99 19.85 02a58613o0085o
58613.270307  17.122  0.044   514   22 o  0   1.34 162.11004 -45.69205  6071.86  6187.74 2.82 1.98  43.0 -0.413 19.00 19.90 02a58613o0086o
58613.272657  16.967  0.036   593   21 o  0   1.75 162.11004 -45.69205  8802.96  8704.24 2.63 2.47  57.7 -0.424 18.86 19.86 02a58613o0091o
58613.282467  17.119  0.049   516   25 o  0   1.06 162.11004 -45.69205  8864.63  8782.24 2.66 2.37  50.5 -0.423 18.96 19.82 02a58613o0112o
58613.292261  17.141  0.050   505   25 o  0   1.16 162.11004 -45.69205  8884.85  8665.22 2.61 2.34  50.9 -0.412 18.90 19.83 02a58613o0133o
58619.243219  17.217  0.123   471   58 o  0   0.95 162.11004 -45.69205  6622.24  1769.83 4.05 2.97 -12.9 -0.401 17.63 18.40 01a58619o0024o
58619.246480  17.209  0.109   475   52 o  0   1.19 162.11004 -45.69205  6642.63  1807.05 4.06 2.98 -12.3 -0.395 17.70 18.54 01a58619o0031o
58619.253488  17.020  0.086   565   49 o  0   0.96 162.11004 -45.69205  6580.42  1727.71 4.04 3.04 -11.1 -0.388 17.83 18.66 01a58619o0046o
58619.266659  17.089  0.087   530   46 o  0   1.11 162.11004 -45.69205  6562.13  1842.48 4.04 3.18 -11.1 -0.384 17.93 18.79 01a58619o0074o
58619.277100  17.290  0.114   440   50 o  0   1.30 162.11004 -45.69205  4758.08  6241.71 3.20 2.83 -12.3 -0.407 18.13 18.99 01a58619o0096o
58619.282260  17.154  0.107   500   54 o  0   1.17 162.11004 -45.69205  4777.21  6278.85 3.18 2.81 -11.7 -0.406 18.17 18.97 01a58619o0107o
58619.285624  17.033  0.083   558   46 o  0   1.48 162.11004 -45.69205  4718.27  6202.82 3.14 2.74 -11.7 -0.425 18.13 18.95 01a58619o0114o
58619.295524  17.190  0.105   483   50 o  0   1.04 162.11004 -45.69205  4701.76  6318.23 2.99 2.66 -10.4 -0.438 18.12 18.90 01a58619o0135o
58621.246832  17.052  0.209   549  115 o  0   0.98 162.11004 -45.69205  4733.82  8783.12 2.63 2.09  43.7 -0.476 18.00 18.16 02a58621o0033o
58621.253760  17.061  0.170   544   92 o  0   1.31 162.11004 -45.69205  4714.14  8745.84 2.72 2.27  41.1 -0.427 17.96 18.30 02a58621o0048o
58621.266459  16.946  0.171   605  103 o  0   1.18 162.11004 -45.69205  4774.06  8822.70 2.72 2.10  46.5 -0.439 18.03 18.30 02a58621o0075o
58621.270254  17.440  0.270   384  104 o  0   1.00 162.11004 -45.69205  4794.74  8708.00 2.51 2.09  46.3 -0.458 18.02 18.28 02a58621o0083o
58621.271169  17.151  0.069   501   35 o  0   1.27 162.11004 -45.69205  6586.36   448.20 2.18 1.94 -73.1 -0.458 18.21 18.46 02a58621o0085o
58621.274533  17.069  0.079   540   43 o  0   1.38 162.11004 -45.69205  6569.09   408.06 2.17 1.96 -72.0 -0.479 18.17 18.44 02a58621o0092o
58621.282646  17.377  0.104   407   42 o  0   1.04 162.11004 -45.69205  6624.53   487.56 2.24 1.98 -65.8 -0.458 18.17 18.42 02a58621o0109o
58621.297796  17.278  0.121   445   54 o  0   0.91 162.11004 -45.69205  6643.02   370.68 2.34 1.93 -62.7 -0.436 18.08 18.34 02a58621o0141o
58623.246992  17.275  0.057   447   26 o  0   1.36 162.11004 -45.69205  6620.22  1763.96 4.22 3.37 -10.1 -0.383 18.65 20.13 01a58623o0029o
58623.249760  17.302  0.055   436   24 o  0   1.36 162.11004 -45.69205  6640.70  1802.01 4.08 3.27 -11.5 -0.384 18.67 20.04 01a58623o0035o
58623.254831  17.198  0.059   480   28 o  0   0.98 162.11004 -45.69205  6579.04  1724.11 4.00 3.22  -9.2 -0.384 18.59 19.91 01a58623o0046o
58623.266849  17.203  0.069   477   33 o  0   1.14 162.11004 -45.69205  6560.60  1839.60 3.79 3.06  -8.0 -0.401 18.40 19.44 01a58623o0072o
58623.270546  17.189  0.079   483   38 o  0   0.96 162.11004 -45.69205  4756.85  6239.28 3.25 2.95 -10.7 -0.398 18.41 19.44 01a58623o0080o
58623.273375  17.046  0.074   551   41 o  0   0.90 162.11004 -45.69205  4776.23  6277.18 3.25 2.90 -11.2 -0.395 18.43 19.39 01a58623o0086o
58623.279380  17.251  0.092   457   42 o  0   1.07 162.11004 -45.69205  4717.65  6200.72 3.16 2.85  -7.5 -0.411 18.39 19.31 01a58623o0099o
58623.289158  17.290  0.105   440   46 o  0   0.96 162.11004 -45.69205  4700.49  6315.86 3.34 2.96 -12.9 -0.393 18.33 19.20 01a58623o0120o
58625.238960  17.479  0.465   370  172 o  0   1.26 162.11004 -45.69205  4737.74  8780.47 3.45 2.49  39.8 -0.419 17.59 17.83 02a58625o0004o
58625.241790  17.235  0.179   464   83 o  0   0.93 162.11004 -45.69205  4717.55  8741.24 3.17 2.39  40.4 -0.384 18.10 18.57 02a58625o0010o
58625.250748  17.295  0.049   439   22 o  0   1.38 162.11004 -45.69205  4775.96  8822.31 3.03 2.31  42.1 -0.386 18.96 19.97 02a58625o0029o
58625.261637  17.174  0.044   490   21 o  0   1.39 162.11004 -45.69205  4795.11  8707.16 3.25 2.60  44.2 -0.369 18.97 20.27 02a58625o0052o
58625.269208  17.252  0.038   456   17 o  0   1.23 162.11004 -45.69205  6587.57   446.31 2.39 2.15 -87.3 -0.429 19.21 20.43 02a58625o0068o
58625.272010  17.208  0.042   475   20 o  0   1.10 162.11004 -45.69205  6569.07   407.69 2.54 2.36  89.6 -0.415 19.16 20.43 02a58625o0074o
58625.278629  17.295  0.045   438   20 o  0   1.04 162.11004 -45.69205  6624.27   485.41 2.53 2.33 -86.0 -0.422 19.16 20.44 02a58625o0088o
58625.289955  17.242  0.049   460   22 o  0   1.17 162.11004 -45.69205  6643.65   368.50 2.72 2.51 -73.1 -0.441 19.14 20.46 02a58625o0112o
58627.244696  17.266  0.052   450   23 o  0   1.38 162.11004 -45.69205  9861.46  2365.93 4.05 3.06  -4.6 -0.353 18.63 19.90 01a58627o0037o
58627.245156  17.248  0.062   458   28 o  0   1.06 162.11004 -45.69205  7566.57  1759.40 4.43 3.37  -9.4 -0.357 18.58 19.95 01a58627o0038o
58627.247930  17.337  0.051   422   22 o  0   1.45 162.11004 -45.69205  9882.21  2404.29 4.11 3.05  -4.4 -0.352 18.76 20.21 01a58627o0044o
58627.248392  17.362  0.059   412   24 o  0   1.08 162.11004 -45.69205  7587.75  1797.66 4.35 3.38  -9.3 -0.360 18.74 20.22 01a58627o0045o
58627.253532  17.377  0.055   406   22 o  0   1.08 162.11004 -45.69205  9819.98  2324.87 4.00 3.00  -5.0 -0.363 18.91 20.47 01a58627o0056o
58627.255834  17.349  0.053   417   22 o  0   1.12 162.11004 -45.69205  7525.60  1719.46 4.36 3.44  -9.0 -0.358 18.82 20.48 01a58627o0061o
58633.241462  17.783  0.494   280  138 c  0   0.73 162.11004 -45.69205  3887.05  4382.22 2.79 2.49  55.0 -0.480 16.70 17.54 02a58633o0027c
58633.246534  17.810  0.153   273   42 c  0   1.10 162.11004 -45.69205  3944.63  4459.62 2.70 2.29  49.9 -0.387 17.98 18.80 02a58633o0038c
58633.256630  17.747  0.063   289   18 c  0   0.80 162.11004 -45.69205  3964.73  4343.53 2.61 2.41  60.6 -0.393 19.10 20.48 02a58633o0060c
58635.238248  18.253  0.959   181  174 o  0   1.07 162.11004 -45.69205   258.69  1961.54 3.48 3.11 -12.6 -0.491 16.64 17.32 01a58635o0018o
58635.238708  17.282  0.535   444  238 o  0   1.29 162.11004 -45.69205  8595.60  6020.33 4.44 3.59  -1.4 -0.338 16.62 17.35 01a58635o0019o
58635.241013  16.994  0.163   579   94 o  0   1.39 162.11004 -45.69205   281.65  2000.66 4.55 3.80 -23.0 -0.309 17.16 18.07 01a58635o0024o
58635.246072  17.779  0.141   281   40 o  0   0.96 162.11004 -45.69205   219.15  1924.50 4.18 3.51 -16.0 -0.326 18.16 19.26 01a58635o0035o
58635.246994  17.425  0.116   389   45 o  0   0.90 162.11004 -45.69205  8558.10  5981.83 3.68 3.13   0.5 -0.383 18.35 19.42 01a58635o0037o
58635.255780  17.489  0.068   367   25 o  0   1.00 162.11004 -45.69205   203.17  2042.26 3.63 3.14 -12.6 -0.391 18.81 20.20 01a58635o0056o
58635.256703  17.456  0.061   378   23 o  0   1.01 162.11004 -45.69205  8541.49  6096.97 3.40 2.92   7.0 -0.401 18.88 20.30 01a58635o0058o
58637.247407  18.433  0.339   154   52 c  0   0.90 162.11004 -45.69205  9114.00  2433.51 3.14 2.42 -61.4 -0.391 17.92 18.86 02a58637o0033c
58637.250701  18.122  0.137   205   28 c  0   1.04 162.11004 -45.69205  9092.71  2398.72 2.77 2.41 -70.0 -0.390 18.51 19.54 02a58637o0040c
58637.256373  17.988  0.077   232   18 c  0   1.17 162.11004 -45.69205  9151.52  2474.82 2.78 2.58  83.6 -0.383 19.07 20.45 02a58637o0052c
58637.272120  17.820  0.057   270   15 c  0   1.28 162.11004 -45.69205  9165.62  2356.40 3.08 2.58 -59.6 -0.379 19.26 21.03 02a58637o0085c
58821.600680 -20.628  0.899   -20   18 o  0   1.29 162.11004 -45.69205  3982.13 10119.45 2.34 1.98 -56.6 -0.426 19.34 20.64 02a58821o0846o
58821.606078 -21.805  3.711    -7   26 o  0   1.09 162.11004 -45.69205  3996.66 10158.15 2.68 1.88 -54.3 -0.430 19.25 20.47 02a58821o0857o
58821.616425  18.746  0.739   115   85 o  0   0.85 162.11004 -45.69205  3940.54 10079.97 2.63 1.80 -54.8 -0.439 19.39 20.63 02a58821o0878o
58821.620131  19.941  0.535    38   20 o  0   1.55 162.11004 -45.69205  3925.21 10196.68 2.28 1.85 -57.2 -0.445 19.24 20.42 02a58821o0886o
58821.661281 -18.585  4.477  -134  598 o  0   0.21 162.11004 -45.69205  3952.29 10131.99 2.03 1.86  75.3 -0.448 17.26 19.51 02a58821o0970o
58825.591965 -21.805  2.377    -7   16 o  0   0.75 162.11004 -45.69205  3982.97 10116.62 2.10 2.04  84.3 -0.434 19.52 20.97 02a58825o0872o
58825.594784  21.130  1.205    13   16 o  0   1.11 162.11004 -45.69205  4003.18 10156.06 2.13 2.07 -87.3 -0.425 19.46 20.94 02a58825o0878o
58825.600219  21.067  1.479    14   20 o  0   0.79 162.11004 -45.69205  3942.79 10079.33 2.14 2.02 -70.3 -0.435 19.50 20.94 02a58825o0888o
58825.612599  21.544  2.173     9   19 o  0   0.77 162.11004 -45.69205  3922.70 10197.56 2.20 2.09  57.5 -0.419 19.46 20.94 02a58825o0914o
58825.630811 -23.941 17.000    -1   16 o  0   0.75 162.11004 -45.69205  5828.15  1776.14 2.40 1.96  37.6 -0.435 19.43 20.87 02a58825o0952o
58825.633606 -21.694  1.500    -8   11 o  0   1.14 162.11004 -45.69205  5846.35  1815.82 2.51 2.06  39.2 -0.429 19.39 20.88 02a58825o0958o
58825.639280 -21.452  1.120   -10   11 o  0   2.21 162.11004 -45.69205  5785.66  1737.26 2.43 2.06  39.4 -0.432 19.42 20.88 02a58825o0970o
58825.650953 -20.517  0.592   -23   13 o  0   1.25 162.11004 -45.69205  5761.76  1851.53 2.19 2.08  43.5 -0.433 19.36 20.68 02a58825o0995o
58829.592397 -19.632  0.965   -51   49 o  0   1.08 162.11004 -45.69205  6669.14  6138.23 2.90 2.06  36.3 -0.404 18.01 18.50 02a58829o0883o
58829.595635 -19.565  0.761   -54   41 o  0   0.99 162.11004 -45.69205  6688.23  6177.24 2.30 1.91  37.3 -0.450 18.07 18.52 02a58829o0890o
58829.610719 -24.992 143.333    -0   52 o  0   0.80 162.11004 -45.69205  6625.73  6099.33 2.59 1.86  36.8 -0.431 18.05 18.58 02a58829o0922o
58829.615372  20.885  2.135    16   34 o  0   1.14 162.11004 -45.69205  8836.78  1832.28 2.03 1.98  50.1 -0.465 18.04 18.51 02a58829o0932o
58829.615830 -19.827  1.029   -43   44 o  0   0.98 162.11004 -45.69205  6603.44  6214.80 2.83 1.98  37.5 -0.411 18.06 18.59 02a58829o0933o
58829.625382 -19.513  0.750   -57   43 o  0   0.80 162.11004 -45.69205  8854.42  1871.18 2.05 1.97 -72.6 -0.461 18.11 18.53 02a58829o0953o
58829.628175  19.800  0.795    44   35 o  0   0.85 162.11004 -45.69205  8794.66  1791.31 1.99 1.96  69.2 -0.446 18.09 18.53 02a58829o0959o
58829.634964 -19.294  0.502   -70   35 o  0   0.99 162.11004 -45.69205  8766.44  1909.62 2.39 2.24  50.3 -0.422 17.97 18.54 02a58829o0973o
58837.573721  17.711  2.087   299  624 o  0   0.62 162.11004 -45.69205  1466.64  8160.46 2.68 1.94 -59.4 -0.460 15.58 16.44 02a58837o0834o
58837.589339 -16.962  0.689  -596  411 o  0   1.10 162.11004 -45.69205  1390.41  8198.13 2.35 2.18 -47.2 -0.427 15.67 17.11 02a58837o0867o
58837.606250 -20.760  1.261   -18   23 o  0   0.90 162.11004 -45.69205  3140.21  1776.01 2.33 2.05 -60.7 -0.438 18.49 19.94 02a58837o0902o
58837.624794 -20.504  0.855   -23   20 o  0   0.85 162.11004 -45.69205  3075.24  1852.90 2.54 2.15 -63.9 -0.443 19.07 20.24 02a58837o0941o
58839.549715 -20.246  0.722   -29   21 o  0   1.21 162.11004 -45.69205  2003.31  4493.17 4.54 4.09 -87.2 -0.252 18.68 20.50 01a58839o0761o
58839.553584  19.494  0.588    58   34 o  0   1.12 162.11004 -45.69205  1985.51  4453.23 4.09 3.79  76.8 -0.306 18.35 20.06 01a58839o0768o
58839.558862 -18.974  0.579   -93   54 o  0   0.94 162.11004 -45.69205  2044.10  4534.71 3.34 3.17  78.5 -0.326 18.23 19.79 01a58839o0779o
58839.571084 -21.227  7.000   -12   82 o  0   1.22 162.11004 -45.69205  2063.24  4420.79 4.41 4.10  87.0 -0.359 17.16 18.86 01a58839o0802o
58841.627087 -21.911  1.833    -6   12 c  0   1.57 162.11004 -45.69205  7366.27  8770.38 2.67 2.65  -7.0 -0.399 19.44 21.29 02a58841o0898c
58841.630030  21.492  1.410     9   13 c  0   0.75 162.11004 -45.69205  3147.12  1817.58 2.62 2.35  36.9 -0.397 19.43 21.29 02a58841o0904c
58841.635947 -21.328  0.945   -11   10 c  0   1.50 162.11004 -45.69205  3084.97  1740.17 2.56 2.32  36.7 -0.404 19.45 21.25 02a58841o0916c
58841.636404 -21.030  0.772   -14   11 c  0   1.01 162.11004 -45.69205  1432.91  8118.34 2.46 2.38 -13.7 -0.396 19.50 21.34 02a58841o0917c
58841.639634 -20.178  0.365   -31   11 c  0   1.86 162.11004 -45.69205  1450.52  8157.05 2.44 2.38 -12.2 -0.401 19.47 21.33 02a58841o0924c
58841.652714 -22.597  3.684    -3   12 c  0   1.36 162.11004 -45.69205  7435.76  8699.14 2.85 2.52  39.9 -0.389 19.39 21.17 02a58841o0952c
58841.655470 -22.109  2.059    -5   11 c  0   2.22 162.11004 -45.69205  9112.76  2474.76 2.58 2.49  57.6 -0.388 19.42 21.19 02a58841o0958c
58841.665702  20.764  1.115    18   20 c  0   1.60 162.11004 -45.69205  9136.43  2359.69 2.52 2.44 -83.4 -0.388 18.73 19.84 02a58841o0977c
58845.603640  20.640  0.530    20   11 c  0   1.28 162.11004 -45.69205  1381.37  2312.56 2.74 2.58  86.9 -0.395 19.46 21.57 02a58845o0791c
58845.606431 -25.642 61.000    -0   12 c  0   1.40 162.11004 -45.69205  1363.72  2274.23 3.01 2.80 -78.7 -0.390 19.44 21.59 02a58845o0797c
58845.611943  22.359  2.571     4   11 c  0   1.37 162.11004 -45.69205  1422.54  2356.34 3.03 2.76 -71.6 -0.376 19.42 21.60 02a58845o0809c
58845.622563  21.390  1.136    10   12 c  0   1.25 162.11004 -45.69205  1446.43  2242.69 2.75 2.54 -84.9 -0.402 19.50 21.57 02a58845o0832c
58845.624859  21.653  2.214     8   18 c  0   1.16 162.11004 -45.69205  9460.41  8728.38 3.00 2.74  42.9 -0.360 18.98 20.98 02a58845o0837c
58851.501334 -20.515  0.705   -23   16 o  0   1.16 162.11004 -45.69205  1001.68   653.99 2.81 2.13  74.8 -0.487 19.34 20.89 01a58851o0531o
58851.505068 -24.213 22.600    -1   17 o  0   1.13 162.11004 -45.69205   982.23   615.52 2.88 2.25  71.7 -0.437 19.35 20.90 01a58851o0539o
58851.519901 -21.043  1.243   -14   17 o  0   0.93 162.11004 -45.69205  1037.06   698.65 3.13 2.50  63.7 -0.488 19.35 21.02 01a58851o0570o
58851.530568  20.610  0.697    21   14 o  0   1.21 162.11004 -45.69205  1054.12   583.82 2.76 2.07  70.7 -0.466 19.49 21.04 01a58851o0592o
58851.532877 -22.878  5.412    -3   14 o  0   1.47 162.11004 -45.69205 10429.84   605.73 3.04 2.31 -85.1 -0.391 19.45 21.00 01a58851o0597o
58851.535662 -23.783 13.000    -1   14 o  0   1.16 162.11004 -45.69205 10410.72   568.00 3.10 2.40 -84.1 -0.384 19.44 21.04 01a58851o0603o
58851.543089  20.984  1.379    15   20 o  0   1.18 162.11004 -45.69205 10467.63   642.49 3.74 2.79 -89.8 -0.371 19.26 21.08 01a58851o0618o
58851.552843 -22.284  4.458    -4   20 o  0   1.09 162.11004 -45.69205 10485.89   520.85 3.42 2.58 -81.9 -0.387 19.37 21.16 01a58851o0638o
58851.671047 -18.990  0.843   -92   78 o  0   0.99 162.11004 -45.69205  9630.85  9886.29 3.64 2.90 -82.9 -0.332 17.57 17.70 01a58851o0881o
58851.671508 -20.464  3.747   -24   89 o  0   1.07 162.11004 -45.69205   203.78 10006.91 3.78 3.12 -70.4 -0.392 17.56 17.59 01a58851o0882o
58855.491261  20.263  1.597    28   46 o  0   1.06 162.11004 -45.69205  1001.39   659.50 4.70 4.03  72.4 -0.395 18.14 19.36 01a58855o0349o
58855.510648  20.823  2.015    17   34 o  0   1.07 162.11004 -45.69205   977.04   620.65 3.72 3.10  70.2 -0.394 18.41 19.49 01a58855o0389o
58855.522776 -20.283  1.054   -28   30 o  0   1.05 162.11004 -45.69205  1031.38   704.02 3.28 2.76  65.3 -0.457 18.63 19.56 01a58855o0414o
58855.534331 -20.371  1.477   -26   38 o  0   0.91 162.11004 -45.69205  1047.07   588.99 4.75 4.22  70.9 -0.306 18.31 19.60 01a58855o0436o
58855.534791  20.340  1.203    26   32 o  0   1.11 162.11004 -45.69205 10426.49   608.28 4.42 3.65 -84.7 -0.330 18.41 19.52 01a58855o0437o
58855.552598  19.742  0.613    46   28 o  0   1.33 162.11004 -45.69205 10404.81   567.37 4.36 3.29 -87.0 -0.289 18.47 19.70 01a58855o0473o
58855.555823  20.190  1.123    30   34 o  0   0.87 162.11004 -45.69205 10463.66   644.52 3.95 2.99 -86.5 -0.354 18.62 19.73 01a58855o0480o
58855.566516  20.360  1.270    26   33 o  0   1.09 162.11004 -45.69205 10480.11   523.59 4.33 3.43 -82.5 -0.302 18.59 19.85 01a58855o0502o
58867.479058  21.670  1.806     8   14 o  0   0.88 162.11004 -45.69205  3339.80  2298.61 2.45 2.07  72.0 -0.416 19.29 20.50 01a58867o0586o
58867.482281 -23.723 14.750    -1   17 o  0   0.83 162.11004 -45.69205  3320.45  2262.09 2.78 2.36  71.0 -0.391 19.19 20.53 01a58867o0593o
58867.492463 -21.306  1.542   -11   17 o  0   1.03 162.11004 -45.69205  3375.94  2339.29 2.98 2.27  83.1 -0.399 19.17 20.55 01a58867o0614o
58867.503035 -20.988  1.140   -15   17 o  0   1.15 162.11004 -45.69205  3393.29  2224.89 3.20 2.43  80.4 -0.381 19.10 20.54 01a58867o0636o
58871.485117  20.349  0.603    26   16 o  0   1.30 162.11004 -45.69205  3338.69  2302.28 3.31 2.74  74.9 -0.384 19.08 20.62 01a58871o0553o
58871.488085  20.369  0.494    26   13 o  0   1.60 162.11004 -45.69205  3318.69  2262.13 2.70 2.48  59.7 -0.392 19.22 20.63 01a58871o0558o
58871.493356 -21.908  2.375    -6   15 o  0   1.45 162.11004 -45.69205  3374.56  2342.52 2.81 2.49  60.1 -0.393 19.23 20.63 01a58871o0569o
58871.503284 -21.866  3.160    -6   21 o  0   0.94 162.11004 -45.69205  3390.91  2227.92 3.78 3.20  72.1 -0.363 18.92 20.64 01a58871o0589o
58875.467854  20.935  1.141    15   18 o  0   0.99 162.11004 -45.69205  7995.96  6147.26 3.17 2.57  89.6 -0.363 19.00 20.46 01a58875o0499o
58875.473109  22.434  4.042     4   16 o  0   1.26 162.11004 -45.69205  7975.59  6107.98 2.91 2.40 -86.6 -0.399 19.09 20.56 01a58875o0509o
58875.476332  21.388  1.635    10   16 o  0   1.15 162.11004 -45.69205  8036.21  6184.80 3.25 2.68 -87.9 -0.372 19.03 20.58 01a58875o0516o
58875.494443  21.358  1.559    10   16 o  0   0.96 162.11004 -45.69205  8055.52  6067.90 2.85 2.34 -86.6 -0.398 19.25 20.76 01a58875o0553o
58883.434785 -19.793  0.646   -44   28 o  0   1.09 162.11004 -45.69205  7220.21  2581.69 3.65 3.19  88.3 -0.321 18.45 19.61 01a58883o0484o
58883.438022 -23.244 15.750    -2   29 o  0   1.06 162.11004 -45.69205  7201.27  2542.47 3.65 3.03 -90.0 -0.319 18.45 19.63 01a58883o0491o
58883.452317  20.130  0.848    32   27 o  0   0.99 162.11004 -45.69205  7255.89  2618.84 3.64 3.30 -82.4 -0.316 18.48 19.69 01a58883o0519o
58883.460935 -21.488  2.551    -9   24 o  0   1.14 162.11004 -45.69205  7274.56  2502.64 3.23 2.77 -88.0 -0.347 18.68 19.73 01a58883o0536o
58887.434619 -19.242  0.611   -73   45 o  0   0.98 162.11004 -45.69205  7219.71  2581.53 3.30 2.57  85.0 -0.363 17.95 18.53 01a58887o0482o
58887.437843  22.814 16.769     3   46 o  0   1.16 162.11004 -45.69205  7199.95  2544.56 3.51 2.77  82.0 -0.371 17.89 18.55 01a58887o0489o
58887.447702 -19.155  0.591   -79   47 o  0   1.19 162.11004 -45.69205  7257.51  2619.83 3.85 3.04  83.3 -0.342 17.84 18.58 01a58887o0509o
58887.460783  19.655  0.903    50   45 o  0   0.94 162.11004 -45.69205  7275.54  2501.75 3.92 2.82  86.7 -0.360 17.87 18.64 01a58887o0536o
58913.425743 -19.822  0.714   -43   31 o  0   1.20 162.11004 -45.69205  3214.67  8770.50 2.49 1.97 -49.7 -0.432 18.67 19.30 02a58913o0380o
58913.426201 -20.104  0.633   -33   21 o  0   1.21 162.11004 -45.69205  5296.62  2695.42 2.16 1.91  44.8 -0.451 18.88 19.43 02a58913o0381o
58913.453896  21.221  2.159    12   26 o  0   1.30 162.11004 -45.69205  3272.08  8689.62 2.38 2.14 -61.3 -0.412 18.73 19.37 02a58913o0436o
58913.454353 -20.193  0.844   -30   26 o  0   0.71 162.11004 -45.69205  5350.44  2616.39 2.16 2.07  66.3 -0.427 18.85 19.50 02a58913o0437o
58915.338457 -18.694  0.555  -121   67 o  0   0.98 162.11004 -45.69205  6584.89   448.52 3.18 2.98  -5.0 -0.328 16.91 17.57 01a58915o0263o
58915.347380 -17.206  1.446  -476  688 o  0   0.76 162.11004 -45.69205  6566.53   409.33 2.80 2.61 -10.6 -0.360 15.49 15.43 01a58915o0281o
58915.350604 -18.494  0.538  -145   78 o  0   1.14 162.11004 -45.69205  6623.07   487.41 2.94 2.71 -13.1 -0.355 17.67 17.91 01a58915o0288o
58915.366669 -17.176  1.643  -489  804 o  0   1.10 162.11004 -45.69205  6639.28   367.53 2.87 2.70  -9.7 -0.400 14.69 14.40 01a58915o0321o
58919.323399 -20.178  1.541   -31   48 o  0   0.82 162.11004 -45.69205  6583.21   445.43 3.09 2.48  -3.8 -0.337 18.06 18.36 01a58919o0232o
58919.327560 -19.670  0.905   -49   44 o  0   0.88 162.11004 -45.69205  6564.57   406.42 3.07 2.52  -3.1 -0.339 18.09 18.38 01a58919o0240o
58919.345737 -20.459  1.748   -24   42 o  0   0.83 162.11004 -45.69205  6620.40   483.63 2.91 2.37  -4.3 -0.349 18.21 18.47 01a58919o0277o
58919.355892 -19.480  0.609   -59   36 o  0   1.30 162.11004 -45.69205  6639.06   365.17 2.85 2.37  -3.5 -0.347 18.23 18.50 01a58919o0298o
58939.264980  17.894  1.376   252  348 o  0   1.03 162.11004 -45.69205  1598.90  2606.53 2.49 2.04   7.7 -0.328 16.19 16.74 01a58939o0025o
58939.271065  17.468  1.502   374  562 o  0   1.26 162.11004 -45.69205  1567.43  2548.65 2.39 2.08  20.6 -0.344 16.20 16.65 01a58939o0037o
58939.273873 -19.499  1.008   -58   58 o  0   1.33 162.11004 -45.69205  1618.81  2621.38 2.55 2.26  48.4 -0.361 17.23 17.79 01a58939o0043o
58939.292219  21.458 13.360    10  127 o  0   1.05 162.11004 -45.69205  1605.61  2445.62 2.74 2.15  72.7 -0.390 17.75 18.68 01a58939o0080o
58941.360959 -21.348  2.238   -10   24 o  0   1.15 162.11004 -45.69205 10197.76  8700.36 2.79 2.27 -53.3 -0.394 18.90 19.59 02a58941o0282o
58941.365293 -21.735  3.044    -7   22 o  0   1.39 162.11004 -45.69205 10177.01  8662.81 2.76 2.24 -53.9 -0.399 18.93 19.58 02a58941o0291o
58941.371008 -21.543  2.607    -9   23 o  0   1.38 162.11004 -45.69205 10239.28  8740.02 2.56 2.28 -57.0 -0.412 18.89 19.60 02a58941o0303o
58941.372602 -19.708  0.386   -48   18 o  0   1.28 162.11004 -45.69205  1953.48  4470.47 2.11 2.00  53.4 -0.452 18.95 19.63 02a58941o0306o
58941.375646 -20.822  1.007   -17   17 o  0   1.24 162.11004 -45.69205  1934.83  4431.54 2.08 2.01  66.0 -0.453 18.93 19.63 02a58941o0312o
58941.381532 -21.382  1.895   -10   19 o  0   1.29 162.11004 -45.69205  1993.21  4510.48 2.11 2.01  53.2 -0.454 18.92 19.60 02a58941o0324o
58941.383365 -19.484  0.392   -58   23 o  0   1.46 162.11004 -45.69205 10260.20  8627.60 2.51 2.26 -55.8 -0.406 18.94 19.58 02a58941o0328o
58941.392116  21.673  2.368     8   18 o  0   1.55 162.11004 -45.69205  2013.76  4397.64 2.06 1.97  58.4 -0.456 18.96 19.59 02a58941o0347o
58955.252539  20.247  0.819    29   24 o  0   1.34 162.11004 -45.69205  2861.32   619.09 2.93 2.76  19.9 -0.348 18.62 19.90 01a58955o0068o
58955.256708 -19.491  0.363   -58   21 o  0   1.52 162.11004 -45.69205  2842.81   579.94 2.86 2.72  20.2 -0.381 18.86 20.07 01a58955o0076o
58955.270303 -21.322  2.296   -11   25 o  0   1.06 162.11004 -45.69205  2898.21   660.10 2.86 2.81  27.3 -0.379 18.86 20.10 01a58955o0104o
58955.276331 -19.943  0.482   -38   18 o  0   1.34 162.11004 -45.69205  2920.02   546.40 2.74 2.56  50.2 -0.387 19.01 20.24 01a58955o0117o
58959.235925  21.082  1.679    13   22 o  0   1.14 162.11004 -45.69205  2865.07   614.25 2.61 2.01  -8.5 -0.347 18.76 19.58 01a58959o0033o
58959.241001 -19.943  0.450   -38   17 o  0   1.30 162.11004 -45.69205  2846.99   575.25 2.60 2.02  -7.2 -0.358 19.00 19.97 01a58959o0043o
58959.245704 -21.305  1.783   -11   20 o  0   0.90 162.11004 -45.69205  2902.15   654.53 2.55 2.03  -8.8 -0.362 19.08 20.04 01a58959o0052o
58959.265478 -20.698  1.000   -19   19 o  0   0.92 162.11004 -45.69205  2919.27   539.01 2.32 1.93  -5.7 -0.377 19.20 20.14 01a58959o0093o
58961.316555 -20.638  0.755   -20   15 c  0   0.82 162.11004 -45.69205  8747.53  8747.81 2.98 2.42  37.7 -0.384 19.34 20.95 02a58961o0197c
58961.317012  21.466  1.014     9   10 c  0   1.81 162.11004 -45.69205   967.03   633.57 2.35 2.12  73.5 -0.445 19.35 21.08 02a58961o0198c
58961.319769 -22.793  4.667    -3   13 c  0   1.34 162.11004 -45.69205  8727.68  8709.79 2.98 2.44  39.5 -0.384 19.34 20.95 02a58961o0204c
58961.320227 -21.448  1.178   -10   11 c  0   1.17 162.11004 -45.69205   948.18   593.39 2.34 2.11  76.5 -0.441 19.41 21.07 02a58961o0205c
58961.325349 -19.950  0.325   -38   12 c  0   1.46 162.11004 -45.69205  8788.84  8787.42 3.01 2.49  38.4 -0.382 19.31 20.96 02a58961o0216c
58961.325806 -20.163  0.429   -31   13 c  0   0.90 162.11004 -45.69205  1005.51   675.23 2.40 2.19  74.9 -0.437 19.38 21.06 02a58961o0217c
58961.330420 -20.263  0.630   -28   18 c  0   1.07 162.11004 -45.69205 10399.98   617.33 2.53 2.19 -69.5 -0.428 19.38 21.11 02a58961o0227c
58961.333638  22.239  3.545     5   16 c  0   1.44 162.11004 -45.69205 10381.56   579.53 2.51 2.17 -70.6 -0.427 19.38 21.13 02a58961o0234c
58961.335942 -22.012  2.448    -6   14 c  0   1.18 162.11004 -45.69205  8808.70  8671.45 3.11 2.49  38.8 -0.374 19.30 20.97 02a58961o0239c
58961.336399 -20.853  0.714   -16   12 c  0   1.33 162.11004 -45.69205  1023.47   558.94 2.43 2.20  78.8 -0.431 19.36 21.10 02a58961o0240c
58961.339173 -20.909  0.757   -16   12 c  0   2.45 162.11004 -45.69205 10437.36   656.39 2.50 2.19 -72.6 -0.430 19.36 21.11 02a58961o0246c
58961.349761 -21.349  1.932   -10   20 c  0   0.91 162.11004 -45.69205 10457.92   539.03 2.52 2.14 -68.4 -0.438 19.38 21.08 02a58961o0269c
58971.298006 -21.477  2.247    -9   21 o  0   0.95 162.11004 -45.69205  2163.87 10291.48 2.11 1.98 -55.8 -0.387 18.92 19.60 01a58971o0142o
58971.301696 -19.902  0.420   -40   17 o  0   1.03 162.11004 -45.69205  2183.00 10329.57 2.35 2.14 -54.9 -0.379 18.83 19.59 01a58971o0150o
58971.308666 -20.490  1.019   -23   24 o  0   0.94 162.11004 -45.69205  2126.42 10253.19 2.28 2.09 -49.9 -0.388 18.88 19.58 01a58971o0165o
58971.323029 -20.701  1.151   -19   22 o  0   0.98 162.11004 -45.69205  2107.20 10370.34 2.21 1.99 -49.2 -0.393 18.90 19.53 01a58971o0196o
58973.277209 -20.904  2.725   -16   43 o  0   1.26 162.11004 -45.69205  1176.38  8707.34 2.39 1.91  29.0 -0.465 18.41 18.76 02a58973o0102o
58973.277666 -19.451  0.462   -60   28 o  0   1.21 162.11004 -45.69205  3306.13  2276.21 2.59 1.98  38.8 -0.434 18.48 18.84 02a58973o0103o
58973.280000 -20.372  1.643   -26   42 o  0   1.75 162.11004 -45.69205  1157.16  8667.77 2.40 1.92  28.1 -0.457 18.38 18.76 02a58973o0108o
58973.280457  20.007  0.710    36   26 o  0   1.36 162.11004 -45.69205  3287.71  2237.20 2.58 2.00  39.2 -0.436 18.46 18.84 02a58973o0109o
58973.287814 -19.693  0.953   -48   46 o  0   1.65 162.11004 -45.69205  1217.75  8750.10 2.42 1.98  32.5 -0.453 18.37 18.75 02a58973o0125o
58973.288271 -19.461  0.507   -60   30 o  0   0.99 162.11004 -45.69205  3344.91  2317.83 2.57 2.00  39.6 -0.428 18.43 18.83 02a58973o0126o
58973.323809 -21.742  4.368    -7   32 o  0   1.21 162.11004 -45.69205  3364.83  2202.33 2.27 2.13  56.1 -0.429 18.42 18.75 02a58973o0198o
58975.319633 -19.408  0.566   -63   35 o  0   1.10 162.11004 -45.69205  2160.66 10288.79 2.36 2.14 -53.0 -0.364 18.15 18.33 01a58975o0172o
58975.322411  19.346  0.586    66   39 o  0   1.13 162.11004 -45.69205  2179.19 10326.81 2.19 2.01 -61.9 -0.434 18.23 18.32 01a58975o0178o
58975.328395 -19.075  0.449   -85   38 o  0   0.74 162.11004 -45.69205  2122.79 10250.17 2.17 2.01 -56.8 -0.406 18.29 18.33 01a58975o0191o
58975.339984 -21.901  5.205    -6   33 o  0   1.57 162.11004 -45.69205  2103.50 10367.25 1.95 1.72 -62.3 -0.450 18.40 18.27 01a58975o0216o
58981.254721 -19.712  0.260   -47   12 c  0   1.76 162.11004 -45.69205   115.27  8661.69 2.65 2.39 -47.3 -0.399 19.20 20.73 02a58981o0051c
58981.257947 -22.137  2.862    -5   14 c  0   1.27 162.11004 -45.69205    95.54  8621.88 2.66 2.46 -43.8 -0.393 19.20 20.79 02a58981o0058c
58981.267148 -21.459  1.510   -10   14 c  0   1.02 162.11004 -45.69205   156.43  8704.08 2.67 2.53 -38.7 -0.399 19.17 20.86 02a58981o0078c
58981.276832  21.215  1.220    12   14 c  0   1.17 162.11004 -45.69205  7952.88  6143.57 3.02 2.66  44.0 -0.369 19.28 21.08 02a58981o0099c
58981.277289 -19.809  0.280   -43   12 c  0   1.03 162.11004 -45.69205   179.87  8589.47 2.64 2.52 -54.7 -0.391 19.23 21.00 02a58981o0100c
58981.280051 -22.412  3.611    -4   14 c  0   1.19 162.11004 -45.69205  7933.84  6107.17 3.09 2.74  44.5 -0.361 19.22 21.07 02a58981o0106c
58981.287906 -20.278  0.488   -28   14 c  0   1.20 162.11004 -45.69205  7992.98  6182.60 3.09 2.86  55.5 -0.360 19.24 21.13 02a58981o0123c
58981.301699 -19.790  0.296   -44   13 c  0   1.49 162.11004 -45.69205  8014.20  6068.42 2.96 2.66  50.0 -0.367 19.31 21.16 02a58981o0153c
59183.611007 -18.857  0.402  -104   42 o  0   1.82 162.11004 -45.69205  2672.72  8102.00 2.40 2.30 -46.3 -0.376 18.02 18.37 01a59183o0928o
59183.613854  22.046  6.368     6   35 o  0   1.30 162.11004 -45.69205  2653.60  8062.34 2.68 2.36 -24.6 -0.369 17.98 18.40 01a59183o0934o
59183.617082  24.182 41.333     1   32 o  0   1.26 162.11004 -45.69205  5172.42  8806.78 2.41 2.23 -71.7 -0.392 18.00 18.47 01a59183o0941o
59183.618939 -19.018  0.287   -90   26 o  0   1.60 162.11004 -45.69205  2714.33  8141.93 2.35 2.12 -76.8 -0.393 18.11 18.44 01a59183o0945o
59183.619861 -20.411  1.356   -25   34 o  0   1.21 162.11004 -45.69205  5154.02  8767.95 2.43 2.26 -23.8 -0.369 18.05 18.49 01a59183o0947o
59183.626327  21.785  5.340     7   38 o  0   1.17 162.11004 -45.69205  5216.23  8843.21 2.57 2.35 -11.3 -0.368 18.01 18.59 01a59183o0960o
59183.629098  20.351  1.585    26   42 o  0   0.68 162.11004 -45.69205  2736.46  8025.05 2.50 2.40 -50.4 -0.393 18.05 18.54 01a59183o0966o
59183.636035 -19.443  0.611   -61   37 o  0   1.08 162.11004 -45.69205  5239.84  8729.22 2.62 2.32  -1.5 -0.373 18.05 18.73 01a59183o0981o
59185.616105  20.235  1.073    29   31 o  0   1.18 162.11004 -45.69205 10420.18  1871.13 2.70 2.00 -61.2 -0.472 18.47 18.90 02a59185o0942o
59185.619305 -19.982  0.713   -37   26 o  0   0.91 162.11004 -45.69205 10440.36  1910.63 2.65 1.97 -61.3 -0.459 18.43 18.90 02a59185o0949o
59185.622049  21.669  3.140     8   24 o  0   1.58 162.11004 -45.69205  2584.04  4399.80 2.46 2.07  33.3 -0.443 18.46 18.92 02a59185o0955o
59185.625712 -19.277  0.399   -71   28 o  0   1.04 162.11004 -45.69205  2603.76  4437.16 2.16 2.14  73.1 -0.449 18.45 18.95 02a59185o0963o
59185.626235  20.584  1.355    21   29 o  0   1.34 162.11004 -45.69205 10382.27  1829.27 2.37 1.99 -56.9 -0.453 18.44 18.93 02a59185o0964o
59185.636353  23.159 11.688     2   23 o  0   1.27 162.11004 -45.69205  2544.92  4357.95 2.30 2.00  33.3 -0.449 18.51 18.99 02a59185o0986o
59185.643690 -21.203  2.600   -12   31 o  0   1.19 162.11004 -45.69205 10361.85  1943.48 2.72 1.88 -61.9 -0.463 18.52 18.98 02a59185o1002o
59185.648284 -22.281  6.207    -4   28 o  0   0.85 162.11004 -45.69205  2524.48  4473.61 2.58 2.27  35.0 -0.429 18.39 18.99 02a59185o1012o
59187.581485  21.299  5.529    11   61 o  0   1.18 162.11004 -45.69205    58.36  4517.51 4.22 3.64  66.8 -0.332 18.13 19.20 01a59187o0834o
59187.584715  17.446  0.178   382   68 o  0   0.94 162.11004 -45.69205    39.00  4478.79 3.68 3.25  58.1 -0.346 18.32 19.24 01a59187o0841o
59187.593384 -20.493  1.756   -23   40 o  0   0.92 162.11004 -45.69205    98.92  4559.87 3.81 3.47 -89.0 -0.295 18.30 19.32 01a59187o0859o
59187.602157 -19.429  0.491   -61   30 o  0   1.22 162.11004 -45.69205  9819.72  4544.78 3.35 3.05 -84.3 -0.371 18.36 19.26 01a59187o0878o
59187.604470 -19.929  0.738   -39   29 o  0   1.18 162.11004 -45.69205   117.68  4447.01 3.06 2.76  85.3 -0.383 18.51 19.37 01a59187o0883o
59187.604931 -20.797  1.772   -17   31 o  0   0.80 162.11004 -45.69205  9799.71  4505.79 3.03 2.86 -79.0 -0.361 18.48 19.28 01a59187o0884o
59187.610943 -20.009  0.827   -36   30 o  0   1.10 162.11004 -45.69205  9859.55  4581.01 3.39 2.95 -82.7 -0.345 18.42 19.33 01a59187o0897o
59187.625562 -20.133  0.957   -32   31 o  0   1.06 162.11004 -45.69205  9882.52  4462.41 3.26 2.76 -82.5 -0.378 18.54 19.36 01a59187o0928o
59191.570107 -18.841  0.313  -106   33 o  0   1.18 162.11004 -45.69205    57.01  4513.97 3.14 2.89  80.3 -0.370 18.79 19.94 01a59191o0836o
59191.573331  16.855  0.093   657   61 o  0   2.24 162.11004 -45.69205    37.52  4475.22 3.64 3.08 -74.5 -0.364 18.71 20.00 01a59191o0843o
59191.578862  21.114  2.109    13   28 o  0   1.06 162.11004 -45.69205    96.38  4556.24 3.28 2.80  83.4 -0.352 18.78 20.04 01a59191o0855o
59191.588999 -19.408  0.332   -63   21 o  0   1.04 162.11004 -45.69205   115.61  4442.41 3.01 2.58  89.0 -0.368 18.96 20.09 01a59191o0877o
59191.589459 -19.971  0.626   -37   23 o  0   1.38 162.11004 -45.69205  9817.91  4541.53 3.06 2.89 -63.0 -0.377 18.82 20.00 01a59191o0878o
59191.592683 -20.158  0.709   -31   22 o  0   1.00 162.11004 -45.69205  9799.45  4502.98 3.34 3.23 -75.1 -0.359 18.66 19.99 01a59191o0885o
59191.602786 -19.708  0.432   -48   20 o  0   1.07 162.11004 -45.69205  9860.00  4576.81 2.92 2.64 -69.1 -0.353 18.91 19.94 01a59191o0906o
59191.609234 -19.371  0.289   -65   19 o  0   1.07 162.11004 -45.69205  9880.43  4458.78 2.87 2.70 -78.6 -0.363 18.90 19.94 01a59191o0920o
59197.603119 -20.533  0.600   -22   13 c  0   0.79 162.11004 -45.69205  3951.40  2148.21 2.48 2.36 -74.7 -0.396 19.47 21.31 02a59197o0885c
59197.605406  23.107  5.143     2   11 c  0   1.17 162.11004 -45.69205  3971.46  2186.64 2.45 2.31 -71.4 -0.399 19.44 21.31 02a59197o0890c
59197.608150 -19.966  0.304   -38   11 c  0   1.18 162.11004 -45.69205  3911.18  2108.79 2.48 2.34 -70.5 -0.397 19.45 21.31 02a59197o0896c
59197.618211 -22.434  3.130    -4   12 c  0   1.06 162.11004 -45.69205  3890.45  2223.87 2.64 2.52 -77.5 -0.385 19.38 21.29 02a59197o0918c
