###MJD          m      dm   uJy   duJy F err chi/N     RA       Dec        x        y     maj  min   phi  apfit mag5sig Sky   Obs
57404.581546 -17.643  0.283  -318   90 o  0   1.61 160.08871 -46.41957  1934.43  6473.54 3.97 2.47 -88.1 -0.460 17.48 18.93 02a57404o0628o
57405.531588  22.647 36.500     3  116 o  0   1.12 160.08871 -46.41957  8150.83  3629.34 3.93 1.94  88.6 -0.466 17.53 19.25 02a57405o0529o
57405.573161 -18.750  0.967  -115  111 o  0   1.08 160.08871 -46.41957  1933.27  6472.12 3.94 2.31  89.7 -0.458 17.42 18.75 02a57405o0591o
57405.600939 -18.219  0.493  -187   92 o  0   1.21 160.08871 -46.41957  1632.66  8206.11 3.79 2.67 -79.9 -0.455 17.59 19.08 02a57405o0632o
57447.460230 -17.516  0.333  -358  119 o  0   1.35 160.08871 -46.41957  1752.34  7277.93 3.85 2.48 -88.7 -0.456 17.20 18.30 02a57447o0517o
57447.479151 -19.040  1.097   -88   96 o  0   0.97 160.08871 -46.41957  2953.08  6731.80 3.91 2.78 -75.0 -0.475 17.41 18.58 02a57447o0552o
57447.497780 -18.035  0.412  -222   91 o  0   1.25 160.08871 -46.41957  2801.88  6473.78 3.85 3.09 -69.5 -0.461 17.46 18.66 02a57447o0586o
57453.422711 -19.485  0.415   -58   24 c  0   0.91 160.08871 -46.41957  1886.51  7668.88 4.15 3.75 -57.9 -0.434 19.22 21.11 02a57453o0416c
57453.439387 -19.407  0.377   -63   24 c  0   0.78 160.08871 -46.41957  1602.85  7075.62 4.09 3.66 -55.8 -0.443 19.24 21.11 02a57453o0450c
57453.456727 -19.104  0.245   -83   20 c  0   1.14 160.08871 -46.41957  2803.43  6531.06 3.98 3.67 -59.1 -0.430 19.21 21.07 02a57453o0485c
57453.475053 -19.416  0.355   -62   22 c  0   0.93 160.08871 -46.41957  2797.15  6471.60 3.96 3.69 -49.0 -0.432 19.16 21.00 02a57453o0520c
57457.416978 -20.421  1.686   -25   42 c  0   1.08 160.08871 -46.41957  1956.57  7608.71 4.28 3.50 -64.8 -0.451 18.60 20.65 02a57457o0413c
57457.434668 -19.481  0.632   -58   37 c  0   1.22 160.08871 -46.41957  1672.09  7017.90 4.29 3.40 -61.2 -0.454 18.70 20.62 02a57457o0449c
57457.452378 -19.198  0.425   -76   32 c  0   1.07 160.08871 -46.41957  2860.58  6475.20 4.31 3.24 -64.9 -0.461 18.73 20.64 02a57457o0485c
57457.470405 -20.289  1.209   -28   34 c  0   1.22 160.08871 -46.41957  2800.43  6471.35 4.30 3.09 -62.2 -0.461 18.72 20.58 02a57457o0521c
57461.402677 -19.197  0.321   -76   24 c  0   0.86 160.08871 -46.41957  1885.89  7705.62 4.11 3.74 -60.2 -0.446 19.12 20.93 02a57461o0394c
57461.419770 -19.560  0.790   -54   43 c  0   1.19 160.08871 -46.41957  1601.79  7112.82 4.12 3.57 -57.7 -0.461 18.52 20.34 02a57461o0429c
57461.436804 -18.913  0.691   -99   68 c  0   1.15 160.08871 -46.41957  2803.27  6567.72 4.03 3.63 -58.2 -0.438 18.23 20.04 02a57461o0464c
57465.406501 -19.767  1.073   -45   48 o  0   1.25 160.08871 -46.41957  1783.25  6887.67 4.03 3.33 -61.1 -0.515 18.27 19.20 02a57465o0407o
57465.423547 -19.212  0.582   -75   44 o  0   1.23 160.08871 -46.41957  2969.62  6341.32 3.82 3.36 -59.7 -0.514 18.23 19.16 02a57465o0442o
57465.440609 -18.966  0.564   -94   53 o  0   0.85 160.08871 -46.41957  2788.48  6472.90 3.80 3.28 -61.5 -0.514 18.22 19.10 02a57465o0477o
57477.364202 -18.983  0.324   -93   30 o  0   1.17 160.08871 -46.41957  2054.01  7450.23 4.10 3.51 -63.8 -0.495 18.74 20.24 02a57477o0322o
57477.380739 -19.193  0.435   -76   33 o  0   0.98 160.08871 -46.41957  1770.17  6857.77 4.16 3.49 -61.4 -0.499 18.74 20.22 02a57477o0356o
57477.397261 -18.746  0.256  -115   30 o  0   1.16 160.08871 -46.41957  2956.74  6292.11 3.80 3.31 -62.1 -0.512 18.75 20.17 02a57477o0390o
57477.413794 -18.545  0.230  -139   32 o  0   1.01 160.08871 -46.41957  2788.10  6462.48 3.83 3.30 -64.1 -0.515 18.66 20.01 02a57477o0424o
58117.546042  16.559  0.038   864   33 o  0   1.18 160.08871 -46.41957  7892.75  7119.05 2.32 2.04  51.3 -0.514 18.69 19.19 02a58117o0441o
58117.546954  16.488  0.038   922   35 o  0   0.80 160.08871 -46.41957  7919.68  7158.73 2.23 1.98  50.6 -0.512 18.65 19.20 02a58117o0443o
58117.555625  16.483  0.033   926   31 o  0   1.31 160.08871 -46.41957  7854.80  7078.90 2.59 2.19  56.6 -0.474 18.56 19.24 02a58117o0462o
58117.564916  16.506  0.036   907   32 o  0   1.02 160.08871 -46.41957  7840.89  7195.62 2.35 2.07  52.0 -0.506 18.62 19.29 02a58117o0481o
58119.541704  16.587  0.048   841   41 o  0   1.62 160.08871 -46.41957  5208.75  4001.44 3.86 3.26 -87.0 -0.406 17.89 18.76 01a58119o0762o
58119.548589  16.513  0.047   901   43 o  0   1.15 160.08871 -46.41957  5184.45  3938.85 3.92 3.24  89.6 -0.397 17.91 18.80 01a58119o0777o
58119.555477  16.440  0.047   963   45 o  0   0.93 160.08871 -46.41957  5228.34  3991.43 3.72 3.13 -89.5 -0.409 17.94 18.82 01a58119o0792o
58119.562359  16.433  0.044   970   43 o  0   1.28 160.08871 -46.41957  5245.57  3851.06 3.84 3.29 -89.8 -0.395 17.93 18.86 01a58119o0807o
58121.541995  16.316  0.073  1081   79 o  0   1.46 160.08871 -46.41957  5267.40  9347.74 2.49 2.45  65.7 -0.484 17.67 18.22 02a58121o0757o
58121.549754  16.490  0.104   920   96 o  0   1.18 160.08871 -46.41957  5277.77  9388.18 2.67 2.57 -84.1 -0.489 17.67 18.22 02a58121o0774o
58121.557512  16.739  0.109   732   80 o  0   1.45 160.08871 -46.41957  5222.35  9311.21 2.29 2.18  69.1 -0.515 17.81 18.21 02a58121o0791o
58121.564821  16.413  0.095   988   94 o  0   1.39 160.08871 -46.41957  5205.11  9430.55 2.55 2.44  79.6 -0.501 17.63 18.19 02a58121o0807o
58123.555697  16.552  0.041   869   36 o  0   1.01 160.08871 -46.41957  2731.15  1596.41 3.50 3.03  85.6 -0.449 18.35 19.37 01a58123o0475o
58123.561691  16.401  0.036   999   36 o  0   1.04 160.08871 -46.41957  2710.75  1513.39 3.40 3.01  82.6 -0.451 18.32 19.40 01a58123o0487o
58123.567644  16.473  0.036   935   34 o  0   1.22 160.08871 -46.41957  2760.45  1591.41 3.36 3.10  89.1 -0.450 18.29 19.41 01a58123o0500o
58123.576356  16.523  0.040   893   36 o  0   1.28 160.08871 -46.41957  2766.60  1441.83 3.24 3.06  83.9 -0.456 18.36 19.39 01a58123o0519o
58127.539313  16.691  0.028   765   21 o  0   1.36 160.08871 -46.41957  3755.82  3129.76 4.07 3.55  88.1 -0.414 18.76 20.54 01a58127o0753o
58127.549650  16.707  0.030   754   22 o  0   1.10 160.08871 -46.41957  3730.26  3053.67 4.02 3.58  88.7 -0.411 18.77 20.56 01a58127o0775o
58127.561095  16.704  0.032   756   24 o  0   1.45 160.08871 -46.41957  3774.38  3090.11 3.94 3.59 -89.2 -0.408 18.73 20.51 01a58127o0800o
58127.571169  16.696  0.041   761   31 o  0   1.50 160.08871 -46.41957  3792.65  2935.59 3.95 3.68 -88.3 -0.406 18.51 20.30 01a58127o0822o
58129.544308  16.945  0.111   605   67 o  0   0.90 160.08871 -46.41957  5130.21  7023.82 2.57 2.31  55.0 -0.472 17.87 19.21 02a58129o0762o
58129.554264  17.272  0.419   448  188 o  0   1.21 160.08871 -46.41957  5154.25  7063.84 2.54 2.21  54.4 -0.494 16.57 17.68 02a58129o0783o
58129.556089  16.063  0.323  1364  440 o  0   1.40 160.08871 -46.41957  5101.19  6986.25 2.23 1.96  47.1 -0.537 16.50 17.49 02a58129o0787o
58129.565219  16.792  0.142   697   99 o  0   0.94 160.08871 -46.41957  5072.79  7103.59 2.21 1.93  43.7 -0.527 17.26 18.21 02a58129o0807o
58131.539628  17.030  0.037   560   21 o  0   1.35 160.08871 -46.41957  5598.16  2571.13 4.15 3.57  85.6 -0.391 18.88 20.92 01a58131o0569o
58131.547869  17.003  0.037   574   21 o  0   1.08 160.08871 -46.41957  5575.75  2503.01 4.00 3.51  84.8 -0.399 18.94 20.94 01a58131o0587o
58131.554735  17.074  0.047   538   26 o  0   1.49 160.08871 -46.41957  5623.20  2554.61 4.27 3.99  72.6 -0.363 18.81 20.87 01a58131o0602o
58131.562524  17.183  0.056   486   27 o  0   1.51 160.08871 -46.41957  5630.47  2406.55 4.08 3.77  75.0 -0.402 18.68 20.77 01a58131o0619o
58135.552874  17.226  0.158   467   74 o  0   1.63 160.08871 -46.41957  6715.32  7454.92 4.83 4.36 -73.8 -0.355 18.12 20.31 01a58135o0777o
58135.561619  17.267  0.104   450   47 o  0   1.13 160.08871 -46.41957  6751.03  7529.65 4.73 3.99 -79.7 -0.373 18.53 20.41 01a58135o0795o
58135.569862  17.261  0.075   453   34 o  0   1.39 160.08871 -46.41957  6703.23  7483.92 5.57 4.61 -74.7 -0.340 18.53 20.46 01a58135o0813o
58135.576748  17.185  0.056   485   27 o  0   1.55 160.08871 -46.41957  6683.12  7628.28 5.53 4.63 -74.8 -0.336 18.57 20.43 01a58135o0827o
58139.536931  17.172  0.054   491   27 o  0   0.91 160.08871 -46.41957  3820.47  1632.97 3.35 3.15  88.0 -0.414 18.76 20.69 01a58139o0424o
58139.547272  17.135  0.084   508   43 o  0   1.34 160.08871 -46.41957  6988.66  8723.72 5.20 4.32 -70.6 -0.311 18.40 20.38 01a58139o0446o
58139.549099  17.206  0.094   476   45 o  0   1.17 160.08871 -46.41957  6935.15  8652.23 5.42 4.45 -72.2 -0.308 18.71 20.74 01a58139o0450o
58139.557088  17.230  0.064   466   30 o  0   1.27 160.08871 -46.41957  6916.54  8801.82 5.38 4.32 -78.3 -0.297 18.86 20.78 01a58139o0466o
58147.525068  17.478  0.212   370   79 o  0   1.27 160.08871 -46.41957  7829.11  6266.43 4.90 4.06 -75.2 -0.349 17.81 19.12 01a58147o0288o
58147.535619  17.262  0.137   452   62 o  0   1.34 160.08871 -46.41957  7863.72  6347.61 5.17 4.02 -83.1 -0.337 18.05 19.21 01a58147o0311o
58147.537454  17.413  0.163   393   64 o  0   1.04 160.08871 -46.41957  7810.77  6276.74 5.11 3.85 -80.7 -0.336 18.02 19.22 01a58147o0315o
58147.544325  17.269  0.120   449   54 o  0   1.43 160.08871 -46.41957  7788.65  6418.97 5.20 3.87 -84.1 -0.345 18.10 19.24 01a58147o0330o
58151.516300  17.969  0.564   236  133 o  0   1.16 160.08871 -46.41957  8104.48  7094.71 4.40 3.57 -80.5 -0.403 17.88 18.77 01a58151o0573o
58151.526851  17.526  0.321   354  114 o  0   0.85 160.08871 -46.41957  8125.96  7175.67 4.68 3.56 -81.9 -0.380 18.02 18.82 01a58151o0596o
58151.538301  17.664  0.295   312   92 o  0   1.30 160.08871 -46.41957  8077.89  7123.36 4.75 3.50 -82.9 -0.370 18.01 18.80 01a58151o0621o
58151.541964  17.414  0.246   393   96 o  0   1.17 160.08871 -46.41957  8053.65  7254.21 4.84 3.54 -84.1 -0.368 17.99 18.79 01a58151o0629o
58153.512354  17.631  0.084   322   27 o  0   1.34 160.08871 -46.41957  2125.36  2452.48 2.59 2.18  36.6 -0.480 18.61 19.21 02a58153o0670o
58153.521136  17.917  0.103   247   26 o  0   1.41 160.08871 -46.41957  2100.38  2411.46 2.57 2.17  34.9 -0.471 18.64 19.22 02a58153o0689o
58153.528482  18.670  0.667   124   82 o  0   1.22 160.08871 -46.41957  2155.57  2489.89 3.23 2.79  45.3 -0.363 17.18 18.68 02a58153o0705o
58153.540817  18.293  0.192   175   34 o  0   0.99 160.08871 -46.41957  2186.34  2371.79 2.60 2.25  38.9 -0.481 18.43 19.07 02a58153o0732o
58159.497431  18.410  0.151   157   24 o  0   1.54 160.08871 -46.41957  6638.53  5832.87 4.83 4.26 -87.8 -0.347 18.67 20.93 01a58159o0636o
58159.505696  18.589  0.154   133   20 o  0   1.50 160.08871 -46.41957  6671.35  5904.82 4.80 3.93 -82.7 -0.348 18.85 21.03 01a58159o0654o
58159.513494  18.333  0.128   169   22 o  0   2.42 160.08871 -46.41957  6622.49  5858.12 4.94 4.08 -83.8 -0.362 18.89 21.13 01a58159o0671o
58159.521755  18.540  0.161   139   22 o  0   1.99 160.08871 -46.41957  6600.36  6005.53 5.73 4.54 -89.1 -0.311 18.72 21.16 01a58159o0689o
58161.501444  19.060  0.121    86   10 c  0   1.35 160.08871 -46.41957  2568.16  3219.99 3.01 2.66  55.6 -0.411 19.53 21.56 02a58161o0636c
58161.507862  19.222  0.176    74   13 c  0   1.14 160.08871 -46.41957  2543.24  3179.81 3.31 2.98  60.2 -0.383 19.43 21.54 02a58161o0650c
58161.516102  19.255  0.165    72   12 c  0   1.12 160.08871 -46.41957  2611.89  3257.98 3.25 2.88  64.6 -0.388 19.42 21.52 02a58161o0668c
58161.530246  19.121  0.154    82   13 c  0   1.09 160.08871 -46.41957  2629.45  3138.63 3.04 2.74  62.1 -0.401 19.45 21.45 02a58161o0699c
58167.484882  19.163  0.319    78   25 o  0   1.12 160.08871 -46.41957  6332.73  6781.18 5.07 4.23 -83.3 -0.339 18.74 20.70 01a58167o0381o
58167.495886  19.262  0.333    72   24 o  0   1.53 160.08871 -46.41957  6299.42  6786.69 5.37 4.34 -83.0 -0.320 18.69 20.71 01a58167o0405o
58167.496345  18.569  0.189   136   26 o  0   1.18 160.08871 -46.41957  6367.35  6865.65 5.48 4.47 -86.0 -0.317 18.69 20.71 01a58167o0406o
58167.507793  19.059  0.259    86   22 o  0   1.51 160.08871 -46.41957  6290.95  6949.84 5.31 4.08 -83.5 -0.316 18.75 20.70 01a58167o0431o
58173.427353 -14.226  1.629 -7406 12060 o  0   0.99 160.08871 -46.41957  7985.96  8785.14 2.67 2.39  58.6 -0.482 13.61 13.94 02a58173o0085o
58173.437758  14.951  2.986  3798 11342 o  0   1.13 160.08871 -46.41957  8010.83  8824.83 2.58 2.24  46.3 -0.466 13.68 14.02 02a58173o0107o
58173.439128  15.058  2.583  3441 8888 o  0   0.77 160.08871 -46.41957  7958.00  8746.38 2.48 2.19  38.8 -0.470 13.53 13.84 02a58173o0110o
58173.447744 -15.009  1.337 -3601 4814 o  0   0.90 160.08871 -46.41957  7927.30  8865.08 2.54 2.33  31.7 -0.486 13.93 14.31 02a58173o0128o
58181.425553 -15.066  0.714 -3417 2439 o  0   1.32 160.08871 -46.41957  5550.43   633.72 3.19 2.68  69.8 -0.260 12.37 14.65 02a58181o0461o
58181.438716 -15.433  5.459 -2436 13296 o  0   0.81 160.08871 -46.41957  5631.66   715.51 3.27 2.68  55.6 -0.340 11.51 13.93 02a58181o0489o
58181.446473 -12.010  0.357 -57032 20357 o  0   0.93 160.08871 -46.41957  5647.30   599.34 3.72 2.67  41.2 -0.446 11.48 13.73 02a58181o0506o
58183.413655 -21.864  4.591    -6   30 o  0   1.31 160.08871 -46.41957  5377.72  3742.40 3.60 3.12 -89.5 -0.410 18.29 19.71 01a58183o0419o
58183.422620 -20.217  1.391   -30   41 o  0   1.28 160.08871 -46.41957  5424.71  6617.17 3.98 3.63 -68.0 -0.387 18.21 19.51 01a58183o0438o
58183.424451  19.994  1.176    36   43 o  0   1.01 160.08871 -46.41957  5373.07  6547.34 3.86 3.55 -71.2 -0.393 18.26 19.52 01a58183o0442o
58183.435981 -22.058  7.500    -6   41 o  0   1.64 160.08871 -46.41957  5353.43  6710.14 4.25 3.74 -78.9 -0.383 18.28 19.58 01a58183o0466o
58184.362925  20.947  0.764    15   12 o  0   1.11 160.08871 -46.41957  7866.77  4396.32 2.36 1.97  50.4 -0.478 19.24 20.55 02a58184o0308o
58184.367528  22.495  3.862     4   14 o  0   0.88 160.08871 -46.41957  7879.53  4436.25 2.41 2.01  53.8 -0.464 19.23 20.62 02a58184o0318o
58184.371653  20.782  0.839    18   15 o  0   0.92 160.08871 -46.41957  7825.58  4358.17 2.70 2.25  52.0 -0.456 19.19 20.63 02a58184o0327o
58184.376223  21.292  1.118    11   12 o  0   1.24 160.08871 -46.41957  7810.92  4474.39 2.63 2.20  54.4 -0.429 19.21 20.59 02a58184o0337o
58185.368857 -20.517  0.685   -23   15 o  0   0.82 160.08871 -46.41957  7864.08  4397.12 2.50 2.02  47.8 -0.490 19.10 20.42 02a58185o0309o
58185.373421 -20.425  0.524   -24   13 o  0   1.38 160.08871 -46.41957  7877.65  4436.92 2.45 2.01  45.6 -0.491 19.13 20.43 02a58185o0319o
58185.377544  24.881 35.000     0   14 o  0   0.85 160.08871 -46.41957  7823.99  4358.60 2.54 2.02  53.5 -0.486 19.15 20.41 02a58185o0328o
58185.382138  21.958  2.333     6   14 o  0   1.24 160.08871 -46.41957  7809.40  4474.58 2.41 1.96  52.3 -0.507 19.08 20.36 02a58185o0338o
58187.427502  12.880  0.422 25580 10795 o  0   1.02 160.08871 -46.41957  6761.05  8633.95 4.95 3.75 -78.7 -0.353 13.78 15.36 01a58187o0447o
58193.405121 -25.247 42.000    -0   12 c  0   0.63 160.08871 -46.41957  5674.39  3943.89 2.54 2.35  57.3 -0.458 19.50 21.21 02a58193o0378c
58193.406490  22.125  1.944     5   10 c  0   1.44 160.08871 -46.41957  5687.90  3981.57 2.52 2.34  59.5 -0.453 19.52 21.21 02a58193o0381c
58193.413336 -22.955  4.294    -2   10 c  0   0.89 160.08871 -46.41957  5728.93  4020.10 2.52 2.32  61.5 -0.450 19.51 21.17 02a58193o0396c
58193.421005 -22.371  2.885    -4   12 c  0   1.02 160.08871 -46.41957  5756.35  3899.00 2.65 2.47  53.0 -0.448 19.43 21.12 02a58193o0412c
58203.380771 -21.640  9.625    -8   77 o  0   1.08 160.08871 -46.41957  8805.03  8053.54 7.16 6.11 -74.7 -0.213 17.81 19.47 01a58203o0176o
58203.390388 -18.929  0.480   -97   47 o  0   1.48 160.08871 -46.41957  8757.43  8013.36 7.07 5.59 -78.6 -0.214 18.13 19.64 01a58203o0197o
58203.394968 -19.932  1.421   -39   55 o  0   1.16 160.08871 -46.41957  8747.69  8148.45 7.61 6.54 -74.9 -0.212 17.92 19.64 01a58203o0207o
58213.375512 -19.225  0.514   -74   38 o  0   0.88 160.08871 -46.41957  4999.48  3514.81 2.68 2.03  83.2 -0.459 18.28 20.68 02a58213o0283o
58213.382386 -18.973  0.397   -94   37 o  0   0.91 160.08871 -46.41957  4988.54  3475.20 2.70 2.11  84.4 -0.447 18.28 20.62 02a58213o0298o
58213.390622 -19.244  0.509   -73   37 o  0   0.83 160.08871 -46.41957  5043.43  3551.38 2.67 2.10  87.6 -0.446 18.24 20.49 02a58213o0316o
58213.395676 -19.385  0.577   -64   37 o  0   0.82 160.08871 -46.41957  5071.58  3435.69 2.69 2.16  89.5 -0.442 18.22 20.36 02a58213o0327o
58219.350300 -18.786  0.229  -111   25 o  0   1.34 160.08871 -46.41957  8204.78  9530.32 5.03 3.60 -77.5 -0.346 18.94 20.41 01a58219o0098o
58219.358106 -19.149  0.317   -80   25 o  0   1.47 160.08871 -46.41957  8222.21  9601.61 5.03 3.75 -77.8 -0.345 18.90 20.47 01a58219o0115o
58219.366382 -20.672  1.348   -20   26 o  0   1.28 160.08871 -46.41957  8168.41  9556.31 4.88 3.68 -79.2 -0.370 18.85 20.42 01a58219o0133o
58223.340706 -19.900  0.733   -40   29 o  0   1.34 160.08871 -46.41957  7581.51  9212.49 5.31 3.96 -81.6 -0.317 18.73 20.25 01a58223o0057o
58223.348512 -18.858  0.290  -104   30 o  0   1.07 160.08871 -46.41957  7599.13  9283.99 5.28 3.98 -80.8 -0.312 18.70 20.29 01a58223o0074o
58223.356323 -18.852  0.321  -104   34 o  0   1.01 160.08871 -46.41957  7546.76  9237.38 5.63 4.28 -82.0 -0.291 18.55 20.11 01a58223o0091o
58223.364151 -19.852  0.921   -42   38 o  0   1.13 160.08871 -46.41957  7536.33  9386.70 5.41 4.02 -80.9 -0.312 18.56 20.05 01a58223o0108o
58225.341315 -18.184  0.433  -193   84 c  0   0.86 160.08871 -46.41957  3250.89  3913.40 3.43 2.69  78.1 -0.400 17.35 20.13 02a58225o0254c
58225.349116 -23.468 52.000    -2   77 c  0   1.24 160.08871 -46.41957  3225.39  3872.96 3.34 2.64  82.7 -0.402 17.35 20.08 02a58225o0271c
58225.356905 -19.870  1.312   -41   54 c  0   1.26 160.08871 -46.41957  3294.06  3950.97 3.52 2.90  82.0 -0.390 17.54 20.31 02a58225o0288c
58225.364730  17.388  0.787   402  316 c  0   0.95 160.08871 -46.41957  3309.72  3834.25 3.79 3.17  83.0 -0.394 16.24 19.09 02a58225o0305c
58233.328686 -18.804  0.264  -109   29 o  0   0.79 160.08871 -46.41957  5260.54  2096.04 2.32 2.12  53.8 -0.445 18.55 19.02 02a58233o0206o
58233.336496 -19.397  0.424   -63   27 o  0   1.21 160.08871 -46.41957  5248.98  2056.22 2.24 2.07  71.6 -0.438 18.54 19.02 02a58233o0223o
58233.344386 -20.528  1.383   -22   31 o  0   0.86 160.08871 -46.41957  5304.46  2132.93 2.29 2.10  61.7 -0.460 18.53 18.98 02a58233o0240o
58233.352195 -19.702  0.504   -48   24 o  0   1.50 160.08871 -46.41957  5320.56  2015.05 2.34 2.17  70.3 -0.444 18.48 18.95 02a58233o0257o
58245.305556 -18.997  0.216   -92   20 o  0   1.00 160.08871 -46.41957  5489.32  2467.72 2.44 2.27 -80.9 -0.421 18.89 19.91 02a58245o0173o
58245.312434 -19.202  0.311   -76   24 o  0   0.64 160.08871 -46.41957  5477.33  2427.79 2.35 2.20 -89.9 -0.428 18.86 19.88 02a58245o0188o
58245.319307 -19.271  0.261   -71   18 o  0   0.84 160.08871 -46.41957  5532.12  2503.86 2.37 2.20 -84.2 -0.430 18.97 19.97 02a58245o0203o
58245.326172 -19.880  0.422   -41   17 o  0   1.30 160.08871 -46.41957  5546.82  2388.16 2.29 2.13  78.7 -0.435 18.95 19.96 02a58245o0218o
58250.298409 -19.496  0.244   -58   14 c  0   1.14 160.08871 -46.41957  2331.55  2698.99 2.88 2.72  71.5 -0.377 19.13 20.76 02a58250o0122c
58250.305790 -20.810  1.686   -17   29 c  0   1.33 160.08871 -46.41957  2306.31  2658.46 2.83 2.64  74.6 -0.374 18.01 19.55 02a58250o0138c
58250.313716 -18.899  0.449  -100   45 c  0   1.20 160.08871 -46.41957  2375.64  2736.69 3.26 3.14  74.7 -0.357 17.78 19.51 02a58250o0155c
58251.266365 -19.107  0.209   -83   17 o  0   1.32 160.08871 -46.41957  5162.48  7970.08 3.31 3.04 -80.3 -0.435 18.93 20.57 01a58251o0054o
58251.274201 -19.203  0.257   -76   19 o  0   1.16 160.08871 -46.41957  5180.76  8039.85 3.09 2.85  74.0 -0.454 19.03 20.59 01a58251o0071o
58251.282028 -18.898  0.173  -100   17 o  0   1.05 160.08871 -46.41957  5130.91  7995.37 3.16 2.88 -79.3 -0.449 19.02 20.61 01a58251o0088o
58251.289857 -18.716  0.141  -118   17 o  0   1.80 160.08871 -46.41957  5122.73  8143.66 3.31 2.87 -86.8 -0.447 19.01 20.64 01a58251o0105o
58252.297369 -19.430  0.183   -61   11 c  0   0.98 160.08871 -46.41957  3836.67  2464.56 2.62 2.38  74.1 -0.399 19.40 21.00 02a58252o0138c
58257.277236 -19.871  0.753   -41   31 c  0   1.00 160.08871 -46.41957  2936.50  3084.29 3.49 2.97  75.5 -0.384 18.36 20.95 02a58257o0095c
58257.284756 -19.047  0.361   -87   32 c  0   0.95 160.08871 -46.41957  2923.51  3045.36 3.42 2.91  77.9 -0.391 18.40 20.88 02a58257o0111c
58257.292683 -20.771  1.700   -18   30 c  0   1.04 160.08871 -46.41957  2978.64  3122.78 3.45 2.97  75.2 -0.386 18.28 20.77 02a58257o0128c
58259.281947 -19.053  0.333   -87   29 o  0   0.94 160.08871 -46.41957  5559.50  7922.02 3.18 3.13 -71.6 -0.423 18.65 19.91 01a58259o0109o
58259.289302 -19.034  0.314   -88   28 o  0   1.16 160.08871 -46.41957  5585.31  7989.91 3.63 3.31  87.1 -0.399 18.60 19.92 01a58259o0125o
58261.265271 -19.268  0.359   -71   26 o  0   1.02 160.08871 -46.41957  3028.55  4036.79 2.35 2.30 -67.0 -0.426 18.71 19.31 02a58261o0091o
58261.272656 -19.144  0.272   -80   22 o  0   0.93 160.08871 -46.41957  3003.70  3995.55 2.31 2.24  76.3 -0.438 18.68 19.30 02a58261o0107o
58263.274762 -18.799  2.138  -110  235 o  0   1.18 160.08871 -46.41957  6852.50  6504.13 2.99 2.92  79.7 -0.471 16.50 16.94 01a58263o0085o
58465.609748 -18.793  0.268  -110   30 o  0   1.14 160.08871 -46.41957  3571.78  2217.28 2.12 1.98  64.3 -0.452 18.22 20.18 02a58465o0918o
58465.620736 -19.705  0.681   -48   32 o  0   1.18 160.08871 -46.41957  3581.85  2254.45 2.29 2.05  71.3 -0.451 17.98 19.96 02a58465o0942o
58467.608071 -18.705  0.121  -120   14 o  0   1.63 160.08871 -46.41957  5080.26  7494.64 3.59 3.28 -83.0 -0.412 18.93 20.83 01a58467o0909o
58467.618674 -18.845  0.193  -105   20 o  0   1.35 160.08871 -46.41957  5041.83  7419.01 3.95 3.59 -78.7 -0.401 18.76 20.88 01a58467o0932o
58467.628355 -19.015  0.214   -90   19 o  0   1.40 160.08871 -46.41957  5101.13  7459.73 3.72 3.33 -84.9 -0.410 18.78 20.82 01a58467o0953o
58467.639407 -18.893  0.235  -101   24 o  0   1.32 160.08871 -46.41957  5105.73  7302.70 3.70 3.51 -65.1 -0.415 18.64 20.80 01a58467o0977o
58469.655950 -19.198  0.445   -76   34 o  0   1.02 160.08871 -46.41957  5783.06  2537.27 2.72 2.09  81.6 -0.446 18.31 20.54 02a58469o1021o
58469.660078 -19.190  0.712   -77   54 o  0   1.04 160.08871 -46.41957  3727.81  7319.80 2.87 2.17  78.7 -0.445 17.71 20.18 02a58469o1030o
58469.666023  20.982  3.810    15   56 o  0   0.99 160.08871 -46.41957  5771.51  2502.11 2.72 2.08  79.7 -0.440 17.80 20.04 02a58469o1043o
58469.674255 -19.917  7.810   -39  306 o  0   1.90 160.08871 -46.41957  3796.99  7399.89 2.93 2.26  82.2 -0.461 15.98 18.03 02a58469o1061o
58469.674712 -19.018  2.190   -90  196 o  0   1.31 160.08871 -46.41957  5824.46  2580.85 2.78 2.20  84.3 -0.443 16.18 17.98 02a58469o1062o
58471.635305 -19.088  0.251   -84   21 o  0   2.24 160.08871 -46.41957  4057.88  3918.94 3.56 3.43  43.3 -0.413 18.57 20.72 01a58471o0904o
58471.636225 -19.906  0.730   -40   29 o  0   1.42 160.08871 -46.41957  6016.36  2930.37 4.39 3.97  68.1 -0.382 18.39 20.69 01a58471o0906o
58471.646355 -19.741  0.494   -46   23 o  0   1.23 160.08871 -46.41957  6037.47  3008.38 4.40 3.84  72.6 -0.389 18.51 20.78 01a58471o0928o
58471.646816 -19.154  0.339   -79   27 o  0   1.00 160.08871 -46.41957  4081.51  4000.93 4.70 4.22  65.9 -0.402 18.49 20.80 01a58471o0929o
58471.656951 -19.670  0.489   -49   24 o  0   1.17 160.08871 -46.41957  4033.37  3965.09 3.83 3.46  80.6 -0.421 18.66 20.55 01a58471o0951o
58471.657872 -19.216  0.372   -75   28 o  0   1.28 160.08871 -46.41957  5989.52  2976.02 4.74 4.31  75.2 -0.399 18.34 20.38 01a58471o0953o
58471.661560 -19.739  0.654   -46   30 o  0   1.21 160.08871 -46.41957  5964.96  3107.69 4.36 3.79  79.6 -0.378 18.26 19.91 01a58471o0961o
58471.662479 -19.660  0.658   -50   33 o  0   1.18 160.08871 -46.41957  4010.61  4103.22 4.07 3.89  56.5 -0.403 18.18 19.75 01a58471o0963o
58473.633511 -18.657  0.910  -125  114 o  0   0.75 160.08871 -46.41957   297.72  7285.12 3.04 2.72  60.6 -0.393 17.13 19.73 02a58473o0968o
58473.634883  21.664 13.750     8  108 o  0   0.76 160.08871 -46.41957   244.36  7205.21 2.94 2.60  61.7 -0.395 17.20 19.81 02a58473o0971o
58473.635798 -19.432  1.281   -61   78 o  0   0.85 160.08871 -46.41957  2556.63  4388.81 3.05 2.41  66.8 -0.433 17.52 19.96 02a58473o0973o
58473.638541 -21.340 27.250   -11  288 o  0   0.94 160.08871 -46.41957 10350.93  7308.89 3.45 2.70  72.8 -0.412 16.50 18.99 02a58473o0979o
58473.640420 -18.746  0.489  -115   56 o  0   1.17 160.08871 -46.41957  2611.06  4469.31 2.99 2.38  76.3 -0.436 17.61 20.06 02a58473o0983o
58473.642708 -18.021  0.320  -225   72 o  0   1.40 160.08871 -46.41957   328.28  7170.72 3.05 2.67  64.9 -0.398 17.40 19.90 02a58473o0988o
58473.651754 -20.565  2.500   -22   54 o  0   0.91 160.08871 -46.41957  2625.53  4350.32 3.08 2.48  79.1 -0.431 17.84 20.27 02a58473o1007o
58473.653583 -18.034  0.451  -222  100 o  0   1.30 160.08871 -46.41957 10380.26  7190.67 3.50 2.77  63.1 -0.420 17.13 19.88 02a58473o1011o
58475.608741 -21.350  5.767   -10   60 o  0   1.11 160.08871 -46.41957  2815.79  6420.59 3.40 3.25 -47.0 -0.441 17.73 18.83 01a58475o0904o
58475.619983 -18.560  0.431  -137   59 o  0   1.14 160.08871 -46.41957  7929.77  3850.21 3.87 3.53 -88.9 -0.385 17.60 18.74 01a58475o0928o
58475.622286 -19.453  1.140   -60   68 o  0   0.81 160.08871 -46.41957  7985.84  3937.40 4.07 3.59  87.9 -0.402 17.57 18.80 01a58475o0933o
58475.632316 -18.805  0.502  -109   55 o  0   1.13 160.08871 -46.41957  7913.79  4015.22 4.12 3.61 -87.2 -0.389 17.78 18.90 01a58475o0954o
58479.570143 -18.752  0.240  -115   28 o  0   0.93 160.08871 -46.41957  1595.07  7466.93 3.16 2.73  83.7 -0.452 18.50 19.75 01a58479o0793o
58479.580280 -18.391  0.199  -160   32 o  0   0.98 160.08871 -46.41957  1570.93  7391.48 3.39 3.13 -88.9 -0.422 18.36 19.69 01a58479o0815o
58479.584423 -19.193  0.310   -76   24 o  0   1.05 160.08871 -46.41957  3679.77   673.24 3.37 3.13  14.0 -0.411 18.68 19.92 01a58479o0824o
58479.590866 -18.765  0.295  -113   33 o  0   1.01 160.08871 -46.41957  1614.90  7431.08 3.14 2.90  88.2 -0.462 18.36 19.59 01a58479o0838o
58479.591327 -18.389  0.179  -160   29 o  0   1.87 160.08871 -46.41957  3713.01   686.31 3.32 3.03   3.2 -0.418 18.74 19.94 01a58479o0839o
58479.592707 -18.553  0.190  -138   26 o  0   1.07 160.08871 -46.41957  3656.32   601.61 3.34 3.13  12.3 -0.404 18.70 19.95 01a58479o0842o
58479.601469 -19.142  0.325   -80   26 o  0   1.11 160.08871 -46.41957  3716.64   529.78 3.33 3.11  15.2 -0.405 18.72 19.94 01a58479o0861o
58479.601927 -20.416  1.457   -25   36 o  0   0.82 160.08871 -46.41957  1634.83  7273.26 2.91 2.81  88.3 -0.467 18.27 19.46 01a58479o0862o
58483.614921 -19.055  0.292   -87   25 o  0   1.42 160.08871 -46.41957  6825.28  2971.35 5.10 4.57  85.7 -0.354 18.35 20.56 01a58483o0450o
58483.622306 -18.931  0.210   -97   20 o  0   1.33 160.08871 -46.41957  4726.09  5912.56 4.18 4.06 -85.2 -0.364 18.67 20.76 01a58483o0466o
58483.623693 -18.677  0.171  -123   21 o  0   1.50 160.08871 -46.41957  6844.25  3045.19 4.31 3.84 -88.0 -0.387 18.56 20.64 01a58483o0469o
58483.631070 -18.710  0.177  -119   21 o  0   1.32 160.08871 -46.41957  4757.70  5985.86 4.24 4.00  87.5 -0.351 18.74 20.76 01a58483o0485o
58483.632459 -19.074  0.204   -85   17 o  0   1.77 160.08871 -46.41957  6793.63  3003.02 4.12 3.64 -87.2 -0.375 18.64 20.62 01a58483o0488o
58483.639838 -18.751  0.209  -115   24 o  0   1.34 160.08871 -46.41957  4707.45  5943.34 5.10 4.89 -72.9 -0.329 18.52 20.74 01a58483o0504o
58483.641215 -18.798  0.162  -110   18 o  0   1.39 160.08871 -46.41957  6769.06  3153.60 4.17 3.88 -84.5 -0.358 18.64 20.65 01a58483o0507o
58483.648611 -19.139  0.291   -80   23 o  0   1.34 160.08871 -46.41957  4683.22  6094.24 5.14 4.64 -80.0 -0.316 18.52 20.72 01a58483o0523o
58485.623828 -18.943  0.341   -96   33 c  0   1.11 160.08871 -46.41957  7677.06  2514.59 3.78 3.00  83.4 -0.400 18.27 21.06 02a58485o0929c
58485.625200 -19.377  0.704   -64   45 c  0   1.00 160.08871 -46.41957  5805.91  7331.36 3.90 2.92  82.5 -0.393 17.77 20.85 02a58485o0932c
58485.633456 -19.725  0.606   -47   28 c  0   1.34 160.08871 -46.41957  7665.30  2474.84 3.92 3.16  83.3 -0.391 18.32 21.07 02a58485o0950c
58485.637592 -19.678  0.957   -49   47 c  0   0.81 160.08871 -46.41957  5861.35  7408.20 3.78 2.92  79.9 -0.401 17.93 20.90 02a58485o0959c
58485.645843 -19.500  0.485   -58   28 c  0   1.09 160.08871 -46.41957  7719.90  2553.53 3.67 2.90  85.8 -0.397 18.46 21.05 02a58485o0977c
58485.646757 -19.404  0.655   -63   41 c  0   1.21 160.08871 -46.41957  5889.20  7293.29 3.98 3.16  87.0 -0.388 17.90 20.89 02a58485o0979c
58485.652246 -18.654  0.173  -125   22 c  0   1.78 160.08871 -46.41957  7734.12  2437.40 3.50 2.77 -89.2 -0.396 18.53 21.04 02a58485o0991c
58487.595219 -18.564  0.153  -136   21 o  0   1.23 160.08871 -46.41957 10144.90  5912.29 4.26 3.12 -83.4 -0.449 18.99 20.97 01a58487o0871o
58487.604896 -19.208  0.231   -75   17 o  0   1.56 160.08871 -46.41957 10164.61  5990.35 4.15 2.95 -84.7 -0.457 19.12 21.00 01a58487o0892o
58487.609967 -19.598  0.308   -53   16 o  0   1.56 160.08871 -46.41957  2578.48  3062.88 3.07 3.01 -48.0 -0.444 18.83 20.75 01a58487o0903o
58487.614578 -18.980  0.184   -93   17 o  0   1.45 160.08871 -46.41957 10113.46  5949.06 3.99 3.05 -85.2 -0.454 19.03 20.94 01a58487o0913o
58487.615500 -18.944  0.183   -96   18 o  0   1.65 160.08871 -46.41957   872.51  6064.78 3.30 2.90 -81.5 -0.443 19.01 20.89 01a58487o0915o
58487.619650 -19.041  0.198   -88   17 o  0   1.48 160.08871 -46.41957  2597.92  3139.08 3.36 3.35  62.6 -0.437 18.84 20.78 01a58487o0924o
58487.624269 -19.453  0.329   -60   20 o  0   1.50 160.08871 -46.41957 10089.91  6102.83 4.40 3.48 -87.3 -0.427 18.96 20.93 01a58487o0934o
58487.625197 -19.713  0.346   -47   16 o  0   2.01 160.08871 -46.41957   904.81  6140.12 3.54 2.97 -86.9 -0.428 19.03 20.96 01a58487o0936o
58487.629354 -19.086  0.220   -84   19 o  0   1.24 160.08871 -46.41957  2547.47  3101.47 3.67 3.46 -35.8 -0.434 18.87 20.85 01a58487o0945o
58487.634874 -18.805  0.129  -109   14 o  0   1.85 160.08871 -46.41957   854.65  6102.96 3.53 2.89 -88.0 -0.439 19.09 20.96 01a58487o0957o
58487.639031 -18.914  0.171   -99   17 o  0   1.14 160.08871 -46.41957  2524.96  3256.48 3.35 3.23 -17.9 -0.419 18.97 20.85 01a58487o0966o
58487.644561 -18.740  0.153  -116   18 o  0   1.78 160.08871 -46.41957   831.30  6258.06 3.82 3.21 -88.6 -0.418 18.97 20.96 01a58487o0978o
58489.604999 -19.125  0.527   -81   43 c  0   1.19 160.08871 -46.41957  1810.57  7303.02 3.48 2.76  80.7 -0.424 17.82 20.85 02a58489o0500c
58489.610499 -19.072  0.343   -85   29 c  0   1.41 160.08871 -46.41957  4135.32  4457.59 3.37 2.45  85.0 -0.412 18.30 21.07 02a58489o0512c
58489.614654 -19.320  0.525   -68   36 c  0   1.33 160.08871 -46.41957  1786.04  7263.52 3.44 2.63  84.6 -0.431 18.07 21.01 02a58489o0521c
58489.619747 -19.308  0.429   -69   29 c  0   1.23 160.08871 -46.41957  4110.74  4420.46 3.45 2.71  85.2 -0.412 18.33 21.09 02a58489o0532c
58489.623880 -19.810  0.833   -43   36 c  0   1.14 160.08871 -46.41957  1840.95  7342.89 3.59 2.89  87.5 -0.415 18.08 21.02 02a58489o0541c
58489.629423 -19.217  0.436   -75   32 c  0   0.89 160.08871 -46.41957  4178.69  4499.22 3.51 2.79  85.9 -0.403 18.35 21.10 02a58489o0553c
58489.633603 -18.346  0.217  -167   36 c  0   1.09 160.08871 -46.41957  1870.88  7227.55 3.57 2.98  85.9 -0.419 18.08 21.03 02a58489o0562c
58489.639121 -20.102  0.808   -33   27 c  0   0.99 160.08871 -46.41957  4194.18  4383.81 3.47 2.86  89.7 -0.401 18.35 21.08 02a58489o0574c
58491.556913 -19.306  0.245   -69   17 o  0   1.17 160.08871 -46.41957  8901.26   566.43 4.17 3.39  84.4 -0.411 19.17 21.47 01a58491o0780o
58491.557372 -19.047  0.150   -87   13 o  0   1.81 160.08871 -46.41957  7132.67  7413.54 3.76 3.27  89.3 -0.413 19.04 21.35 01a58491o0781o
58491.567408 -19.421  0.279   -62   17 o  0   2.08 160.08871 -46.41957  8862.19   489.15 4.28 3.60  85.8 -0.410 19.19 21.55 01a58491o0802o
58491.568330 -18.867  0.176  -103   18 o  0   1.05 160.08871 -46.41957  7108.69  7334.70 4.00 3.55 -87.7 -0.408 18.86 21.26 01a58491o0804o
58491.579316 -18.963  0.200   -94   19 o  0   1.07 160.08871 -46.41957  7156.40  7368.92 3.74 3.36 -89.5 -0.420 18.85 21.16 01a58491o0827o
58491.579776 -18.964  0.177   -94   17 o  0   1.22 160.08871 -46.41957  8909.98   518.56 3.86 3.65 -87.6 -0.405 19.17 21.58 01a58491o0828o
58491.589904 -19.055  0.213   -87   18 o  0   1.33 160.08871 -46.41957  7175.65  7212.11 3.60 3.24  82.9 -0.424 18.72 21.16 01a58491o0850o
58491.590365 -18.813  0.167  -108   18 o  0   1.15 160.08871 -46.41957  8929.59   358.38 3.58 3.54 -57.4 -0.411 19.23 21.63 01a58491o0851o
58493.542754 -19.435  0.434   -61   26 c  0   0.81 160.08871 -46.41957  5396.75  9964.26 2.86 2.66  88.5 -0.410 18.82 21.10 02a58493o0749c
58493.543211 -19.450  0.645   -60   39 c  0   0.72 160.08871 -46.41957  7547.19  3209.96 2.68 2.28 -84.8 -0.429 18.08 20.71 02a58493o0750c
58493.553150 -19.200  0.367   -76   28 c  0   1.11 160.08871 -46.41957  5420.14 10001.59 2.64 2.40 -89.7 -0.416 18.82 21.09 02a58493o0771c
58493.565434 -18.711  0.335  -119   40 c  0   1.08 160.08871 -46.41957  5363.36  9921.47 3.26 3.00  81.9 -0.400 18.45 21.04 02a58493o0797c
58493.575498 -19.048  0.781   -87   68 c  0   1.11 160.08871 -46.41957  5333.02 10038.63 3.04 2.62 -89.5 -0.423 18.36 20.98 02a58493o0819c
58495.588202 -19.087  0.212   -84   18 o  0   1.25 160.08871 -46.41957  8796.03  7869.59 4.16 3.28 -81.1 -0.397 19.18 21.39 01a58495o0847o
58495.597934 -19.281  0.237   -70   17 o  0   1.78 160.08871 -46.41957  8827.37  7947.55 4.27 3.39 -82.5 -0.381 19.19 21.38 01a58495o0868o
58495.601165 -18.919  0.184   -98   18 o  0   1.95 160.08871 -46.41957  1350.13  3162.27 3.82 3.63 -10.0 -0.419 18.86 21.18 01a58495o0875o
58495.607639 -19.285  0.284   -70   20 o  0   1.26 160.08871 -46.41957  8775.37  7906.89 4.87 3.62 -82.2 -0.357 19.15 21.39 01a58495o0889o
58495.610872 -18.804  0.153  -109   17 o  0   1.77 160.08871 -46.41957  1368.47  3238.76 3.81 3.45  86.1 -0.423 18.92 21.27 01a58495o0896o
58495.617335 -19.090  0.209   -84   18 o  0   1.78 160.08871 -46.41957  8750.42  8061.03 4.92 3.68 -79.4 -0.349 19.13 21.36 01a58495o0910o
58495.620575 -18.644  0.151  -127   19 o  0   1.12 160.08871 -46.41957  1316.78  3201.28 3.80 3.69 -63.4 -0.414 18.94 21.24 01a58495o0917o
58495.630262 -18.814  0.151  -108   16 o  0   1.74 160.08871 -46.41957  1292.06  3356.73 3.68 3.45 -69.7 -0.424 19.03 21.23 01a58495o0938o
58497.536795 -18.787  0.134  -111   15 o  0   1.16 160.08871 -46.41957  7543.79  3210.07 2.39 2.15 -54.6 -0.444 19.24 20.49 02a58497o0741o
58497.547502 -18.752  0.139  -115   16 o  0   0.73 160.08871 -46.41957  2979.09  7299.32 2.55 2.33 -26.0 -0.408 19.15 20.51 02a58497o0764o
58497.557948 -19.106  0.160   -83   13 o  0   1.16 160.08871 -46.41957  3032.86  7376.54 2.29 2.21   3.8 -0.460 19.22 20.60 02a58497o0786o
58497.568824 -19.170  0.224   -78   18 o  0   0.55 160.08871 -46.41957  3060.71  7261.21 2.36 2.24 -20.0 -0.430 19.23 20.63 02a58497o0809o
58503.522746 -18.757  0.413  -114   47 o  0   0.86 160.08871 -46.41957  1797.08   604.45 3.40 3.20 -14.9 -0.420 18.09 19.03 01a58503o0698o
58503.533053 -19.792  1.591   -44   70 o  0   1.30 160.08871 -46.41957  8998.91  9735.85 5.05 3.97 -60.8 -0.321 17.93 18.90 01a58503o0720o
58503.545665 -20.305  2.381   -27   65 o  0   1.29 160.08871 -46.41957  8956.40  9705.25 4.97 4.05 -77.6 -0.351 17.98 19.03 01a58503o0746o
58503.548888 -18.320  0.337  -171   58 o  0   1.18 160.08871 -46.41957  8946.75  9835.02 4.64 3.69 -78.0 -0.389 18.06 19.06 01a58503o0753o
58503.552110 -19.487  1.552   -58   90 o  0   1.01 160.08871 -46.41957    47.35  9979.87 4.00 3.60 -83.8 -0.440 17.93 18.93 01a58503o0760o
58507.497906 -20.334  1.218   -27   32 o  0   1.37 160.08871 -46.41957  7021.51   650.77 3.41 3.31 -58.9 -0.412 18.25 19.22 01a58507o0634o
58507.506192 -20.699  2.013   -19   38 o  0   0.94 160.08871 -46.41957  7065.61   697.90 3.40 2.96  87.3 -0.437 18.35 19.25 01a58507o0652o
58507.516651 -18.680  0.281  -122   34 o  0   1.05 160.08871 -46.41957  7081.26   541.86 3.54 3.16  89.2 -0.420 18.34 19.28 01a58507o0674o
58519.518290 -19.083  0.247   -84   21 o  0   1.53 160.08871 -46.41957  4848.43  8029.96 4.14 3.84  80.1 -0.399 18.92 20.97 01a58519o0683o
58519.530723 -18.800  0.154  -110   17 o  0   1.40 160.08871 -46.41957  4863.55  8067.16 3.79 3.40 -81.8 -0.419 19.06 21.07 01a58519o0710o
58519.539937 -19.234  0.283   -74   21 o  0   1.17 160.08871 -46.41957  4809.25  7988.93 4.65 3.89 -88.1 -0.384 18.97 21.12 01a58519o0730o
58519.545920 -18.872  0.177  -103   18 o  0   1.49 160.08871 -46.41957  4784.29  8106.49 3.90 3.53 -82.7 -0.395 19.06 21.13 01a58519o0743o
58523.497737 -18.694  0.222  -121   27 o  0   1.66 160.08871 -46.41957  8019.25  6075.22 4.60 3.73 -82.3 -0.383 18.63 20.59 01a58523o0495o
58523.503727 -18.578  0.170  -135   23 o  0   1.53 160.08871 -46.41957  8033.94  6113.20 4.76 3.78 -82.7 -0.349 18.73 20.65 01a58523o0508o
58523.513397 -19.107  0.233   -83   19 o  0   1.82 160.08871 -46.41957  7979.08  6034.42 4.67 3.49 -81.8 -0.378 18.89 20.75 01a58523o0529o
58523.525363 -18.931  0.181   -97   18 o  0   1.67 160.08871 -46.41957  7968.33  6148.02 4.46 3.36 -84.5 -0.393 18.96 20.82 01a58523o0555o
58527.470302 -18.795  0.249  -110   27 o  0   1.31 160.08871 -46.41957  9151.69  2215.02 3.58 3.17  89.4 -0.435 18.52 20.53 01a58527o0549o
58527.475370 -18.843  0.258  -105   27 o  0   1.11 160.08871 -46.41957  9165.36  2252.76 3.60 3.15  86.5 -0.437 18.61 20.59 01a58527o0560o
58527.485054 -18.965  0.265   -94   25 o  0   1.10 160.08871 -46.41957  9109.33  2172.61 3.67 3.14  88.3 -0.438 18.69 20.61 01a58527o0581o
58527.493802 -19.235  0.305   -73   22 o  0   1.21 160.08871 -46.41957  9084.06  2287.89 3.80 3.17 -88.9 -0.432 18.72 20.60 01a58527o0600o
58531.486845  22.414 13.250     4   52 o  0   0.96 160.08871 -46.41957  9728.95  4162.86 5.06 3.82 -86.0 -0.382 17.91 19.07 01a58531o0602o
58531.496520 -20.151  1.452   -32   46 o  0   1.13 160.08871 -46.41957  9757.03  4201.49 4.96 3.57 -86.1 -0.395 17.95 19.09 01a58531o0623o
58531.499747 -18.507  0.280  -144   40 o  0   1.12 160.08871 -46.41957  2075.03  3289.67 3.50 3.25  80.2 -0.433 17.94 19.03 01a58531o0630o
58531.501618 -18.659  0.390  -125   49 o  0   0.99 160.08871 -46.41957   293.12  4357.96 3.81 3.25  85.1 -0.432 17.95 19.08 01a58531o0634o
58531.506230 -19.761  0.903   -45   41 o  0   1.37 160.08871 -46.41957  9688.19  4121.51 4.91 3.45 -86.3 -0.400 18.02 19.09 01a58531o0644o
58531.509460 -18.717  0.327  -118   39 o  0   1.11 160.08871 -46.41957  2089.82  3326.84 3.42 3.14  80.0 -0.445 17.99 19.08 01a58531o0651o
58531.511305 -18.588  0.284  -133   38 o  0   1.44 160.08871 -46.41957   308.22  4394.65 3.64 3.08  84.7 -0.439 18.07 19.13 01a58531o0655o
58531.515912 -19.433  0.782   -61   48 o  0   1.27 160.08871 -46.41957  9676.91  4236.99 5.16 3.60 -86.1 -0.388 17.96 19.07 01a58531o0665o
58531.519143 -18.984  0.478   -93   44 o  0   0.96 160.08871 -46.41957  2034.59  3250.53 3.49 3.21  81.1 -0.440 17.97 19.10 01a58531o0672o
58531.520983 -19.418  0.679   -62   42 o  0   1.64 160.08871 -46.41957   252.96  4319.00 3.63 3.03  86.1 -0.437 18.10 19.13 01a58531o0676o
58531.528832 -19.452  0.665   -60   40 o  0   1.27 160.08871 -46.41957  2023.91  3365.90 3.70 3.33  81.2 -0.421 17.98 19.09 01a58531o0693o
58531.530676 -18.653  0.344  -126   43 o  0   1.17 160.08871 -46.41957   228.86  4435.23 3.78 3.19  85.7 -0.435 18.02 19.12 01a58531o0697o
58539.471496 -19.588  0.434   -53   23 o  0   1.06 160.08871 -46.41957  8716.85  3174.78 3.57 3.02  87.9 -0.430 18.74 20.15 01a58539o0547o
58539.477023 -18.772  0.205  -112   23 o  0   1.26 160.08871 -46.41957  6454.50  6069.31 3.60 3.25  85.2 -0.418 18.82 20.24 01a58539o0559o
58539.480258 -18.955  0.245   -95   23 o  0   1.16 160.08871 -46.41957  8744.42  3213.35 3.90 3.31  87.4 -0.418 18.62 20.12 01a58539o0566o
58539.485821 -18.861  0.213  -104   22 o  0   1.71 160.08871 -46.41957  6482.60  6106.93 3.60 3.28  86.8 -0.423 18.76 20.20 01a58539o0578o
58539.489065 -19.086  0.250   -84   21 o  0   1.41 160.08871 -46.41957  8689.08  3134.72 3.81 3.18  87.4 -0.412 18.62 20.09 01a58539o0585o
58539.494599 -19.087  0.286   -84   24 o  0   1.42 160.08871 -46.41957  6414.23  6029.58 3.84 3.49  83.7 -0.415 18.67 20.16 01a58539o0597o
58539.497822 -19.137  0.288   -80   23 o  0   1.15 160.08871 -46.41957  8664.28  3249.61 3.65 3.33  87.2 -0.417 18.61 20.04 01a58539o0604o
58539.503355 -19.085  0.312   -84   26 o  0   1.37 160.08871 -46.41957  6403.49  6145.15 4.08 3.54  86.9 -0.397 18.59 20.09 01a58539o0616o
58543.446033 -18.868  0.177  -103   18 o  0   1.37 160.08871 -46.41957  7510.31  3167.71 3.20 3.07  71.1 -0.438 18.76 20.55 01a58543o0489o
58543.446494 -18.816  0.186  -108   20 o  0   0.99 160.08871 -46.41957  5497.41  9965.22 3.22 3.14 -40.3 -0.453 19.15 20.80 01a58543o0490o
58543.451560 -18.777  0.161  -112   18 o  0   1.41 160.08871 -46.41957  5524.37 10004.57 3.38 3.23 -67.6 -0.451 19.15 20.79 01a58543o0501o
58543.452022 -18.878  0.181  -102   18 o  0   1.26 160.08871 -46.41957  7537.17  3205.85 3.23 3.14  64.4 -0.428 18.76 20.53 01a58543o0502o
58543.460772 -18.868  0.188  -103   19 o  0   1.25 160.08871 -46.41957  5470.35  9925.90 3.61 3.40 -82.5 -0.435 19.10 20.82 01a58543o0521o
58543.461233 -18.981  0.174   -93   16 o  0   1.50 160.08871 -46.41957  7482.39  3127.72 3.12 3.07   2.2 -0.425 18.88 20.57 01a58543o0522o
58543.473658 -18.485  0.099  -147   15 o  0   1.60 160.08871 -46.41957  7457.63  3242.27 3.35 3.11  80.5 -0.422 18.95 20.63 01a58543o0549o
58543.474118 -18.539  0.115  -139   16 o  0   1.47 160.08871 -46.41957  5447.54 10041.21 3.48 3.30 -85.2 -0.436 19.08 20.86 01a58543o0550o
58547.430292 -17.921  0.290  -246   71 o  0   2.06 160.08871 -46.41957  7509.35  3168.66 3.08 2.94  79.9 -0.440 17.49 19.32 01a58547o0473o
58547.444107 -18.986  0.257   -92   24 o  0   1.28 160.08871 -46.41957  7536.93  3205.54 3.39 3.31 -10.5 -0.409 18.49 20.36 01a58547o0503o
58547.452398 -19.668  0.467   -49   23 o  0   1.11 160.08871 -46.41957  7482.77  3127.27 3.51 3.37  -9.4 -0.404 18.49 20.36 01a58547o0521o
58547.458849 -18.626  0.141  -129   18 o  0   1.79 160.08871 -46.41957  7458.17  3243.34 3.21 3.06  -2.0 -0.416 18.68 20.41 01a58547o0535o
58551.449444 -18.920  0.265   -98   26 o  0   1.63 160.08871 -46.41957  4232.73  3209.36 3.78 3.48 -14.0 -0.409 18.24 20.23 01a58551o0513o
58551.451317 -19.198  0.363   -76   28 o  0   1.06 160.08871 -46.41957  2248.52  4249.63 3.63 3.56 -77.6 -0.426 18.42 20.33 01a58551o0517o
58551.459167 -18.719  0.200  -118   24 o  0   1.25 160.08871 -46.41957  4260.68  3246.56 3.88 3.60 -15.8 -0.408 18.36 20.25 01a58551o0534o
58551.461009 -19.203  0.325   -76   25 o  0   1.33 160.08871 -46.41957  2276.92  4286.45 3.59 3.53 -49.8 -0.417 18.59 20.31 01a58551o0538o
58551.468885 -19.060  0.235   -86   20 o  0   1.18 160.08871 -46.41957  4192.16  3170.57 3.37 3.10 -15.2 -0.435 18.56 20.22 01a58551o0555o
58551.470762 -18.776  0.189  -112   21 o  0   1.14 160.08871 -46.41957  2208.31  4211.79 3.26 3.18  87.4 -0.445 18.79 20.34 01a58551o0559o
58551.480000 -18.998  0.185   -91   17 o  0   1.52 160.08871 -46.41957  2197.86  4326.92 2.93 2.83  78.7 -0.468 18.86 20.36 01a58551o0579o
58555.442770 -18.757  0.211  -114   24 o  0   1.51 160.08871 -46.41957  3190.55  3242.80 3.52 3.42 -43.7 -0.413 18.46 20.73 01a58555o0495o
58555.444611 -18.781  0.185  -112   21 o  0   1.84 160.08871 -46.41957  1429.15  8169.84 3.69 3.48 -50.9 -0.404 18.94 20.93 01a58555o0499o
58555.451069 -19.130  0.831   -81   67 o  0   1.73 160.08871 -46.41957 10488.69  8026.88 4.39 3.55 -85.7 -0.351 17.92 19.77 01a58555o0513o
58555.452451 -19.107  0.579   -83   48 o  0   1.64 160.08871 -46.41957  3218.30  3280.12 3.31 3.23 -23.5 -0.420 17.61 19.60 01a58555o0516o
58555.463571 -19.272  0.383   -71   27 o  0   1.27 160.08871 -46.41957  1387.77  8132.31 3.58 3.36 -81.3 -0.408 18.72 20.60 01a58555o0540o
58559.418329 -18.812  0.339  -108   37 o  0   1.29 160.08871 -46.41957  1498.66  2347.34 3.79 3.45 -17.6 -0.394 17.93 19.21 01a58559o0394o
58559.426650 -20.107  1.233   -33   40 o  0   1.07 160.08871 -46.41957  1526.52  2383.98 4.00 3.68 -10.7 -0.383 17.99 19.25 01a58559o0412o
58559.434489 -18.734  0.317  -117   37 o  0   0.83 160.08871 -46.41957  1457.11  2308.67 3.36 3.22  -2.2 -0.410 18.16 19.32 01a58559o0429o
58559.442775 -18.683  0.310  -122   38 o  0   1.08 160.08871 -46.41957  1447.11  2424.04 3.91 3.82  34.1 -0.397 18.01 19.33 01a58559o0447o
58567.381047 -19.315  1.109   -68   76 o  0   2.02 160.08871 -46.41957  5499.83  2218.54 3.35 2.85  -9.0 -0.443 17.07 18.34 01a58567o0359o
58567.388883  18.199  1.088   191  207 o  0   1.32 160.08871 -46.41957  5527.12  2255.91 3.44 2.99 -10.6 -0.443 16.43 17.65 01a58567o0376o
58567.396736  18.255  2.241   181  406 o  0   1.24 160.08871 -46.41957  5459.14  2178.93 3.43 2.99  -5.9 -0.443 15.54 16.78 01a58567o0393o
58571.394205 -19.344  0.282   -66   19 o  0   1.30 160.08871 -46.41957  5797.61  3181.81 3.26 3.17  -8.2 -0.433 18.80 20.40 01a58571o0311o
58571.397892 -18.666  0.167  -124   21 o  0   1.21 160.08871 -46.41957  3856.28  4191.83 3.77 3.61  -6.5 -0.397 18.73 20.40 01a58571o0319o
58571.402044 -19.152  0.228   -79   18 o  0   1.90 160.08871 -46.41957  5811.69  3219.79 3.67 3.56  -0.3 -0.406 18.70 20.37 01a58571o0328o
58571.405728 -19.235  0.252   -73   18 o  0   1.27 160.08871 -46.41957  3870.39  4229.74 3.34 3.30  19.5 -0.422 18.85 20.41 01a58571o0336o
58571.410829 -18.990  0.266   -92   24 o  0   0.96 160.08871 -46.41957  5756.67  3141.47 4.02 3.76  -7.1 -0.395 18.68 20.36 01a58571o0347o
58571.414514 -18.727  0.161  -117   19 o  0   1.26 160.08871 -46.41957  3815.45  4152.26 3.63 3.40 -11.0 -0.412 18.79 20.38 01a58571o0355o
58571.419131 -19.157  0.255   -79   20 o  0   1.32 160.08871 -46.41957  5732.04  3257.66 3.73 3.39  -6.5 -0.420 18.78 20.32 01a58571o0365o
58571.422816 -19.104  0.263   -83   22 o  0   1.18 160.08871 -46.41957  3791.01  4268.17 3.56 3.36 -10.0 -0.413 18.79 20.32 01a58571o0373o
58575.379268 -19.089  0.281   -84   24 o  0   1.11 160.08871 -46.41957 10140.60  3207.21 3.68 3.28 -88.9 -0.408 18.58 20.07 01a58575o0350o
58575.384381 -19.245  0.275   -73   20 o  0   1.77 160.08871 -46.41957  7763.12  4142.18 3.28 3.20 -87.9 -0.427 18.74 20.12 01a58575o0361o
58575.387620 -18.757  0.232  -114   26 o  0   1.01 160.08871 -46.41957 10167.98  3246.17 3.57 3.31 -86.3 -0.420 18.60 20.16 01a58575o0368o
58575.393148 -19.134  0.284   -81   23 o  0   1.19 160.08871 -46.41957  7777.01  4180.02 3.35 3.26 -77.5 -0.407 18.75 20.19 01a58575o0380o
58575.395935 -19.179  0.297   -77   23 o  0   1.22 160.08871 -46.41957 10112.63  3166.97 3.52 3.19 -87.6 -0.420 18.69 20.06 01a58575o0386o
58575.401471 -18.732  0.195  -117   23 o  0   0.98 160.08871 -46.41957  7722.32  4102.18 3.54 3.42  87.2 -0.407 18.63 20.14 01a58575o0398o
58575.409765 -18.848  0.264  -105   28 o  0   1.77 160.08871 -46.41957  7697.21  4217.32 3.59 3.53 -18.9 -0.404 18.59 20.05 01a58575o0416o
58577.377980 -19.527  0.264   -56   15 c  0   1.00 160.08871 -46.41957  1356.05  7292.77 2.63 2.54 -59.7 -0.411 19.16 20.94 02a58577o0339c
58577.386303 -19.169  0.176   -78   14 c  0   1.10 160.08871 -46.41957  1343.98  7252.82 2.53 2.49 -83.1 -0.414 19.19 20.95 02a58577o0357c
58577.394642 -19.128  0.175   -81   14 c  0   0.87 160.08871 -46.41957  1399.29  7331.59 2.58 2.50 -87.0 -0.409 19.16 20.94 02a58577o0375c
58579.363231 -19.168  0.261   -78   20 o  0   1.30 160.08871 -46.41957  8994.01  3183.44 3.74 3.25  -7.7 -0.384 18.75 20.40 01a58579o0277o
58579.366913 -18.848  0.163  -105   17 o  0   1.63 160.08871 -46.41957  6979.00  9956.54 3.16 2.99 -68.9 -0.458 19.08 20.63 01a58579o0285o
58579.371525 -19.867  0.479   -41   20 o  0   1.47 160.08871 -46.41957  9006.53  3221.76 3.60 3.08  -6.3 -0.402 18.81 20.39 01a58579o0295o
58579.375233 -18.843  0.170  -105   18 o  0   3.04 160.08871 -46.41957  6993.22  9995.14 3.24 3.09 -65.6 -0.448 19.02 20.64 01a58579o0303o
58579.379384 -19.291  0.276   -70   19 o  0   1.13 160.08871 -46.41957  8950.32  3143.46 3.44 3.08 -11.3 -0.410 18.85 20.40 01a58579o0312o
58579.383071 -19.036  0.229   -88   20 o  0   0.99 160.08871 -46.41957  6938.24  9916.58 3.28 3.10 -63.9 -0.440 19.03 20.56 01a58579o0320o
58579.387703 -19.317  0.254   -68   17 o  0   1.20 160.08871 -46.41957  8925.33  3258.62 3.31 3.15  -9.4 -0.418 18.86 20.38 01a58579o0330o
58579.391387 -18.795  0.161  -110   18 o  0   2.13 160.08871 -46.41957  6928.63 10033.06 3.36 3.18 -79.1 -0.437 18.97 20.53 01a58579o0338o
58581.379678 -18.976  0.149   -93   14 c  0   1.01 160.08871 -46.41957   811.66  6299.16 2.48 2.43  76.2 -0.409 19.26 20.94 02a58581o0334c
58581.387945 -19.328  0.222   -67   15 c  0   0.90 160.08871 -46.41957   787.31  6258.65 2.46 2.37  76.7 -0.409 19.22 20.88 02a58581o0352c
58581.390258 -18.976  0.155   -93   14 c  0   1.04 160.08871 -46.41957  8442.48  7336.30 3.11 2.52  45.6 -0.371 19.25 20.92 02a58581o0357c
58581.392140 -19.129  0.156   -81   13 c  0   1.14 160.08871 -46.41957 10246.61  6307.14 2.89 2.59 -68.9 -0.407 19.29 20.94 02a58581o0361c
58581.402264 -19.170  0.198   -78   15 c  0   0.92 160.08871 -46.41957 10234.26  6269.77 2.88 2.61 -67.4 -0.407 19.22 20.91 02a58581o0382c
58583.386004 -19.471  0.338   -59   20 o  0   2.12 160.08871 -46.41957  4552.68  6140.70 3.51 3.46 -37.1 -0.396 18.68 20.17 01a58583o0228o
58583.395316 -19.168  0.281   -78   22 o  0   1.38 160.08871 -46.41957  4499.22  6063.71 3.43 3.38 -55.4 -0.410 18.72 20.14 01a58583o0248o
58599.343794 -19.023  0.239   -89   21 o  0   1.16 160.08871 -46.41957  2605.05  6171.51 3.36 3.20 -26.2 -0.416 18.63 20.38 01a58599o0260o
58599.351683 -18.928  0.176   -98   17 o  0   1.03 160.08871 -46.41957  2631.66  6208.26 2.95 2.87 -37.3 -0.462 19.16 20.98 01a58599o0277o
58599.359571 -19.044  0.199   -88   17 o  0   1.09 160.08871 -46.41957  2574.92  6132.35 3.01 2.98   4.4 -0.457 19.15 20.88 01a58599o0294o
58605.335890 -19.110  0.214   -82   18 c  0   1.06 160.08871 -46.41957    88.44  2380.73 2.94 2.53 -60.2 -0.405 19.09 21.02 02a58605o0208c
58605.349467 -19.182  0.201   -77   16 c  0   1.12 160.08871 -46.41957  9185.63  2473.32 3.01 2.73 -69.5 -0.382 19.08 21.03 02a58605o0237c
58611.273461 -18.597  0.151  -132   20 o  0   1.35 160.08871 -46.41957  1875.26  5822.68 3.30 2.93 -18.2 -0.430 18.85 20.39 01a58611o0091o
58611.275397 -19.257  0.256   -72   18 o  0   1.27 160.08871 -46.41957  1894.72  5860.19 3.22 2.85 -22.3 -0.435 18.88 20.40 01a58611o0095o
58611.281225 -18.836  0.177  -106   19 o  0   1.25 160.08871 -46.41957  1834.34  5784.54 3.24 2.91 -20.9 -0.431 18.91 20.40 01a58611o0107o
58611.296986 -18.984  0.209   -93   19 o  0   1.09 160.08871 -46.41957  1814.32  5900.99 3.16 2.91 -25.7 -0.431 18.98 20.45 01a58611o0140o
58613.241824 -19.243  0.359   -73   26 o  0   1.52 160.08871 -46.41957   774.76  7271.42 2.37 2.25  31.2 -0.402 18.46 18.91 02a58613o0025o
58613.244689 -18.976  0.225   -93   21 o  0   1.20 160.08871 -46.41957   755.40  7230.89 2.27 2.21  27.9 -0.402 18.73 19.35 02a58613o0031o
58613.252081 -19.203  0.217   -76   16 o  0   1.40 160.08871 -46.41957   814.67  7311.70 2.30 2.12  31.1 -0.415 18.92 19.80 02a58613o0047o
58613.252537 -19.195  0.263   -76   20 o  0   0.58 160.08871 -46.41957  8708.39  4808.48 2.60 2.11  43.1 -0.387 19.04 19.86 02a58613o0048o
58613.255343 -19.350  0.258   -66   17 o  0   1.19 160.08871 -46.41957  8689.12  4771.31 2.52 2.22  45.1 -0.399 18.99 19.89 02a58613o0054o
58613.260594 -18.735  0.120  -116   14 o  0   1.22 160.08871 -46.41957  8746.97  4848.35 2.59 2.18  44.9 -0.409 18.98 19.91 02a58613o0065o
58613.264297 -18.803  0.170  -109   18 o  0   0.98 160.08871 -46.41957   835.87  7196.21 2.45 2.21  36.6 -0.391 18.90 19.85 02a58613o0073o
58613.270307 -19.406  0.287   -63   18 o  0   0.90 160.08871 -46.41957  8767.00  4733.90 2.55 2.07  44.6 -0.400 19.00 19.90 02a58613o0086o
58619.243219  21.070  4.371    14   59 o  0   1.15 160.08871 -46.41957  3930.83  3231.13 3.78 2.88 -13.7 -0.433 17.63 18.40 01a58619o0024o
58619.246480 -22.254 11.000    -5   50 o  0   1.28 160.08871 -46.41957  3951.12  3267.75 3.78 2.91 -12.8 -0.435 17.70 18.54 01a58619o0031o
58619.253488 -19.012  0.534   -90   48 o  0   1.26 160.08871 -46.41957  3889.75  3190.16 3.76 2.95 -12.0 -0.430 17.83 18.66 01a58619o0046o
58619.266659 -19.400  0.735   -63   46 o  0   1.01 160.08871 -46.41957  3872.38  3304.79 3.78 3.10 -12.9 -0.414 17.93 18.79 01a58619o0074o
58619.277100 -18.644  0.535  -127   68 o  0   1.08 160.08871 -46.41957  2088.60  7749.89 2.87 2.62 -30.0 -0.484 18.13 18.99 01a58619o0096o
58619.282260 -19.030  0.639   -89   57 o  0   1.67 160.08871 -46.41957  2107.52  7786.67 2.85 2.60 -29.6 -0.482 18.17 18.97 01a58619o0107o
58619.285624 -20.763  4.268   -18   77 o  0   0.90 160.08871 -46.41957  2049.36  7711.60 2.85 2.58 -25.4 -0.498 18.13 18.95 01a58619o0114o
58619.295524 -19.502  1.251   -57   72 o  0   0.99 160.08871 -46.41957  2032.72  7827.86 2.68 2.48 -27.6 -0.523 18.12 18.90 01a58619o0135o
58621.246832 -19.108  0.571   -83   47 o  0   1.55 160.08871 -46.41957  7443.89  7358.92 2.72 2.04  43.9 -0.425 18.00 18.16 02a58621o0033o
58621.253760 -19.212  0.605   -75   45 o  0   1.58 160.08871 -46.41957  7424.33  7322.46 2.82 2.23  43.3 -0.416 17.96 18.30 02a58621o0048o
58621.266459 -19.136  0.626   -80   50 o  0   1.11 160.08871 -46.41957  7483.53  7398.08 2.85 2.08  46.1 -0.402 18.03 18.30 02a58621o0075o
58621.270254 -18.479  0.341  -147   50 o  0   1.15 160.08871 -46.41957  7503.55  7283.76 2.58 2.07  47.0 -0.434 18.02 18.28 02a58621o0083o
58623.246992 -19.177  0.275   -78   21 o  0   1.87 160.08871 -46.41957  3929.06  3225.46 3.92 3.22 -11.8 -0.413 18.65 20.13 01a58623o0029o
58623.249760 -19.580  0.450   -53   24 o  0   1.21 160.08871 -46.41957  3949.49  3262.78 3.83 3.20 -13.2 -0.418 18.67 20.04 01a58623o0035o
58623.254831 -18.787  0.229  -111   25 o  0   1.08 160.08871 -46.41957  3888.64  3186.34 3.77 3.17 -11.3 -0.411 18.59 19.91 01a58623o0046o
58623.266849 -19.029  0.321   -89   28 o  0   0.98 160.08871 -46.41957  3871.10  3301.66 3.55 3.00 -10.7 -0.432 18.40 19.44 01a58623o0072o
58623.270546 -19.233  0.551   -74   40 o  0   1.45 160.08871 -46.41957  2087.35  7747.51 2.94 2.75 -34.9 -0.454 18.41 19.44 01a58623o0080o
58623.273375 -18.662  0.297  -125   37 o  0   1.66 160.08871 -46.41957  2106.67  7784.68 2.96 2.74 -32.1 -0.461 18.43 19.39 01a58623o0086o
58623.279380 -18.352  0.274  -166   45 o  0   1.14 160.08871 -46.41957  2048.75  7709.43 2.84 2.66 -28.2 -0.474 18.39 19.31 01a58623o0099o
58623.289158 -19.696  1.114   -48   54 o  0   1.09 160.08871 -46.41957  2031.65  7825.04 3.01 2.75 -30.7 -0.454 18.33 19.20 01a58623o0120o
58625.238960 -17.815  0.250  -272   68 o  0   2.43 160.08871 -46.41957  7447.77  7356.49 3.66 2.53  38.4 -0.369 17.59 17.83 02a58625o0004o
58625.241790 -19.457  0.774   -60   46 o  0   0.95 160.08871 -46.41957  7427.62  7318.10 3.33 2.41  39.6 -0.376 18.10 18.57 02a58625o0010o
58625.250748 -18.756  0.158  -114   18 o  0   1.19 160.08871 -46.41957  7485.52  7397.66 3.19 2.28  41.8 -0.397 18.96 19.97 02a58625o0029o
58625.261637 -19.061  0.223   -86   19 o  0   0.92 160.08871 -46.41957  7503.93  7282.97 3.41 2.68  44.3 -0.381 18.97 20.27 02a58625o0052o
58627.244696 -18.837  0.205  -106   22 o  0   1.51 160.08871 -46.41957  7107.90  3754.08 3.96 3.16  -5.5 -0.390 18.63 19.90 01a58627o0037o
58627.245156  20.741  1.489    18   27 o  0   1.02 160.08871 -46.41957  4859.91  3199.98 4.19 3.35 -11.3 -0.430 18.58 19.95 01a58627o0038o
58627.247930 -18.397  0.116  -159   18 o  0   2.03 160.08871 -46.41957  7128.45  3791.65 3.99 3.21  -6.7 -0.394 18.76 20.21 01a58627o0044o
58627.248392 -19.398  0.373   -63   24 o  0   1.36 160.08871 -46.41957  4880.93  3237.61 4.13 3.37 -11.8 -0.430 18.74 20.22 01a58627o0045o
58627.253532 -18.562  0.135  -136   18 o  0   1.20 160.08871 -46.41957  7067.47  3713.86 3.91 3.18  -7.8 -0.398 18.91 20.47 01a58627o0056o
58627.255834 -19.418  0.372   -62   23 o  0   1.11 160.08871 -46.41957  4819.79  3160.87 4.14 3.47 -12.7 -0.418 18.82 20.48 01a58627o0061o
58633.241462 -17.770  0.490  -283  139 c  0   1.10 160.08871 -46.41957  6604.91  2983.78 2.73 2.52  71.2 -0.402 16.70 17.54 02a58633o0027c
58633.246534 -19.333  0.608   -67   41 c  0   0.98 160.08871 -46.41957  6661.54  3060.11 2.62 2.34  61.0 -0.390 17.98 18.80 02a58633o0038c
58633.256630 -19.263  0.200   -72   14 c  0   1.00 160.08871 -46.41957  6681.37  2943.69 2.61 2.44  88.1 -0.384 19.10 20.48 02a58633o0060c
58635.238708  18.014  1.974   226  446 o  0   1.10 160.08871 -46.41957  5878.03  7425.67 4.40 3.84  -5.7 -0.394 16.62 17.35 01a58635o0019o
58635.246994 -18.866  0.389  -103   40 o  0   1.71 160.08871 -46.41957  5841.43  7387.81 3.53 3.24  -4.5 -0.386 18.35 19.42 01a58635o0037o
58635.256703 -18.989  0.204   -92   19 o  0   1.17 160.08871 -46.41957  5825.44  7502.96 3.26 3.06   3.5 -0.399 18.88 20.30 01a58635o0058o
58825.630811 -18.864  0.128  -103   13 o  0   0.96 160.08871 -46.41957  3118.25  3201.08 2.54 1.94  35.0 -0.463 19.43 20.87 02a58825o0952o
58825.633606 -19.209  0.188   -75   14 o  0   0.89 160.08871 -46.41957  3136.28  3240.11 2.64 2.04  35.7 -0.456 19.39 20.88 02a58825o0958o
58825.639280 -18.958  0.138   -95   13 o  0   1.17 160.08871 -46.41957  3076.12  3163.20 2.56 2.04  35.8 -0.452 19.42 20.88 02a58825o0970o
58825.650953 -18.898  0.117  -100   12 o  0   1.31 160.08871 -46.41957  3052.75  3277.06 2.21 2.05  38.8 -0.453 19.36 20.68 02a58825o0995o
58829.592397 -18.843  0.536  -105   56 o  0   0.94 160.08871 -46.41957  3950.96  7539.88 2.68 2.08  34.9 -0.398 18.01 18.50 02a58829o0883o
58829.595635 -18.808  0.406  -109   44 o  0   1.10 160.08871 -46.41957  3969.73  7578.40 2.14 1.96  32.1 -0.446 18.07 18.52 02a58829o0890o
58829.610719 -22.167 10.178    -5   50 o  0   1.06 160.08871 -46.41957  3907.94  7501.40 2.34 1.90  35.3 -0.414 18.05 18.58 02a58829o0922o
58829.615372 -19.148  0.462   -80   37 o  0   1.62 160.08871 -46.41957  6075.80  3190.16 2.49 1.88  37.3 -0.462 18.04 18.51 02a58829o0932o
58829.615830 -18.637  0.326  -127   42 o  0   1.55 160.08871 -46.41957  3885.64  7617.62 2.58 2.00  36.1 -0.395 18.06 18.59 02a58829o0933o
58829.625382 -19.653  0.671   -50   34 o  0   1.20 160.08871 -46.41957  6093.14  3228.12 2.34 1.87  36.1 -0.466 18.11 18.53 02a58829o0953o
58829.628175 -19.089  0.454   -84   38 o  0   1.00 160.08871 -46.41957  6034.37  3150.03 2.43 1.87  36.4 -0.451 18.09 18.53 02a58829o0959o
58829.634964 -18.628  0.342  -128   44 o  0   0.72 160.08871 -46.41957  6007.25  3267.64 2.88 2.23  39.4 -0.429 17.97 18.54 02a58829o0973o
58837.575147  20.757 52.667    18  952 o  0   1.16 160.08871 -46.41957  8199.08  9481.38 2.47 2.26 -85.0 -0.424 14.80 15.70 02a58837o0837o
58837.606250 -18.766  0.131  -113   15 o  0   1.68 160.08871 -46.41957   452.49  3264.74 2.68 2.07 -62.1 -0.389 18.49 19.94 02a58837o0902o
58837.624794 -19.161  0.288   -79   23 o  0   0.93 160.08871 -46.41957   387.73  3342.49 2.83 2.13 -64.4 -0.413 19.07 20.24 02a58837o0941o
58839.549715 -19.337  0.385   -67   26 o  0   1.73 160.08871 -46.41957  4745.66  3135.02 4.88 4.41 -82.5 -0.357 18.68 20.50 01a58839o0761o
58839.553584 -18.274  0.204  -178   36 o  0   1.06 160.08871 -46.41957  4728.07  3094.39 3.87 3.65  84.3 -0.286 18.35 20.06 01a58839o0768o
58839.558862 -18.825  0.363  -107   39 o  0   1.06 160.08871 -46.41957  4785.35  3174.15 3.25 3.16  85.9 -0.334 18.23 19.79 01a58839o0779o
58839.571084  19.139  1.339    80  107 o  0   1.57 160.08871 -46.41957  4803.76  3058.63 4.33 4.01 -89.8 -0.339 17.16 18.86 01a58839o0802o
58841.627087 -19.580  0.217   -54   12 c  0   1.08 160.08871 -46.41957 10054.83  7283.83 2.85 2.64 -65.5 -0.405 19.44 21.29 02a58841o0898c
58841.630030 -19.305  0.140   -69   10 c  0   1.05 160.08871 -46.41957   459.33  3304.49 2.50 2.36  19.4 -0.395 19.43 21.29 02a58841o0904c
58841.635947 -19.184  0.128   -77   10 c  0   0.97 160.08871 -46.41957   397.37  3228.43 2.45 2.35  14.7 -0.397 19.45 21.25 02a58841o0916c
58841.649925 -19.223  0.165   -74   12 c  0   1.01 160.08871 -46.41957  2285.29  1025.98 2.65 2.41  73.1 -0.414 19.41 21.29 02a58841o0946c
58841.652714 -19.124  0.176   -81   14 c  0   0.75 160.08871 -46.41957 10123.85  7211.99 2.79 2.62  43.7 -0.395 19.39 21.17 02a58841o0952c
58841.654097 -19.543  0.218   -55   12 c  0   1.01 160.08871 -46.41957  2270.48   989.50 2.52 2.30  75.3 -0.430 19.41 21.23 02a58841o0955c
58841.659175 -19.019  0.151   -90   14 c  0   1.07 160.08871 -46.41957  2326.64  1068.44 2.57 2.41  73.3 -0.420 19.28 20.92 02a58841o0965c
58841.672084 -17.933  0.294  -244   72 c  0   1.29 160.08871 -46.41957  2353.06   952.65 2.61 2.32  71.6 -0.438 17.18 18.09 02a58841o0990c
58845.599047 -18.934  0.123   -97   12 c  0   1.03 160.08871 -46.41957  1856.47  7311.08 2.93 2.71  43.8 -0.369 19.42 21.50 02a58845o0781c
58845.602268 -19.071  0.140   -85   12 c  0   0.91 160.08871 -46.41957  1838.48  7272.03 2.95 2.73  40.9 -0.363 19.35 21.43 02a58845o0788c
58845.603640 -19.179  0.136   -77   10 c  0   1.01 160.08871 -46.41957  4143.21   974.64 2.76 2.55 -84.0 -0.402 19.46 21.57 02a58845o0791c
58845.606431 -19.061  0.131   -86   11 c  0   1.04 160.08871 -46.41957  4126.02   936.78 3.06 2.80 -79.9 -0.397 19.44 21.59 02a58845o0797c
58845.607802 -19.166  0.150   -78   12 c  0   1.13 160.08871 -46.41957  1899.66  7354.30 3.04 2.88  41.1 -0.360 19.33 21.47 02a58845o0800c
58845.611943 -19.072  0.122   -85   10 c  0   1.15 160.08871 -46.41957  4183.49  1017.60 3.01 2.71 -70.6 -0.395 19.42 21.60 02a58845o0809c
58845.618871 -19.252  0.169   -72   12 c  0   1.01 160.08871 -46.41957  1925.43  7240.88 2.85 2.64  38.5 -0.375 19.30 21.35 02a58845o0824c
58845.622563 -19.055  0.121   -87   10 c  0   0.98 160.08871 -46.41957  4207.25   903.43 2.80 2.50 -79.7 -0.407 19.50 21.57 02a58845o0832c
58867.479058 -19.178  0.185   -77   14 o  0   1.07 160.08871 -46.41957  6066.40   896.11 2.38 2.11  75.8 -0.402 19.29 20.50 01a58867o0586o
58867.482281 -19.193  0.224   -76   17 o  0   0.91 160.08871 -46.41957  6047.25   859.75 2.73 2.41  75.4 -0.377 19.19 20.53 01a58867o0593o
58867.492463 -19.019  0.175   -90   16 o  0   1.00 160.08871 -46.41957  6101.30   934.96 2.90 2.24  85.6 -0.398 19.17 20.55 01a58867o0614o
58867.503035 -18.898  0.132  -100   13 o  0   1.04 160.08871 -46.41957  6118.55   818.53 3.02 2.32  81.0 -0.403 19.10 20.54 01a58867o0636o
58871.485117 -18.733  0.137  -117   16 o  0   1.10 160.08871 -46.41957  6064.54   898.58 3.23 2.73  80.4 -0.378 19.08 20.62 01a58871o0553o
58871.488085 -19.005  0.156   -91   14 o  0   1.01 160.08871 -46.41957  6044.82   858.60 2.69 2.58  56.2 -0.380 19.22 20.63 01a58871o0558o
58871.493356 -18.909  0.136   -99   14 o  0   1.23 160.08871 -46.41957  6099.48   937.52 2.83 2.61  61.9 -0.383 19.23 20.63 01a58871o0569o
58871.503284 -19.128  0.227   -81   18 o  0   1.04 160.08871 -46.41957  6115.73   821.09 3.76 3.19  76.2 -0.364 18.92 20.64 01a58871o0589o
58875.451740 -19.322  0.339   -68   23 o  0   1.42 160.08871 -46.41957  1042.91  4695.81 4.12 3.37  87.5 -0.339 18.77 20.35 01a58875o0468o
58875.457086 -19.160  0.253   -79   20 o  0   1.05 160.08871 -46.41957  1022.63  4655.54 3.86 3.10  86.4 -0.329 18.87 20.43 01a58875o0478o
58875.467394 -19.234  0.226   -74   17 o  0   1.20 160.08871 -46.41957  1081.27  4738.63 3.35 2.79  86.4 -0.363 19.00 20.52 01a58875o0498o
58875.472648 -19.012  0.175   -90   16 o  0   1.12 160.08871 -46.41957  1099.32  4622.47 3.48 2.76  85.5 -0.353 19.07 20.58 01a58875o0508o
58883.409416 -19.328  0.566   -67   38 o  0   1.13 160.08871 -46.41957   443.65  1059.43 3.90 3.22  72.0 -0.419 18.45 19.53 01a58883o0432o
58883.419190 -18.834  0.347  -106   37 o  0   1.38 160.08871 -46.41957   421.68  1020.12 4.16 3.45  75.0 -0.412 18.42 19.59 01a58883o0452o
58883.421964 -18.862  0.299  -104   31 o  0   1.23 160.08871 -46.41957   479.27  1102.64 3.68 3.16  69.5 -0.396 18.50 19.60 01a58883o0458o
58883.434324 -19.022  0.382   -89   34 o  0   1.15 160.08871 -46.41957   494.08   987.51 4.19 3.49  75.8 -0.370 18.46 19.67 01a58883o0483o
58883.434785 -20.535  1.455   -22   32 o  0   0.99 160.08871 -46.41957  9920.65  1065.73 3.83 3.14 -84.8 -0.318 18.45 19.61 01a58883o0484o
58883.438022 -18.914  0.267   -99   26 o  0   1.17 160.08871 -46.41957  9901.88  1026.33 3.97 3.11 -87.3 -0.311 18.45 19.63 01a58883o0491o
58883.452317 -18.662  0.219  -125   27 o  0   1.11 160.08871 -46.41957  9955.31  1100.60 3.94 3.39 -78.9 -0.300 18.48 19.69 01a58883o0519o
58883.460935 -18.631  0.202  -128   26 o  0   1.08 160.08871 -46.41957  9974.39   982.11 3.62 2.92 -83.5 -0.347 18.68 19.73 01a58883o0536o
58887.412697 -18.554  0.500  -138   69 o  0   0.94 160.08871 -46.41957   440.51  1062.64 4.17 3.27  67.9 -0.374 17.82 18.48 01a58887o0436o
58887.432308 -19.186  0.743   -77   57 o  0   1.36 160.08871 -46.41957   418.36  1023.98 4.16 3.09  74.9 -0.381 17.83 18.57 01a58887o0477o
58887.434619 -20.228  1.768   -29   52 o  0   1.01 160.08871 -46.41957  9919.72  1064.57 3.68 2.65  86.0 -0.361 17.95 18.53 01a58887o0482o
58887.435539 -18.614  0.495  -130   64 o  0   0.86 160.08871 -46.41957   474.09  1107.27 4.32 3.20  73.9 -0.363 17.83 18.58 01a58887o0484o
58887.437843 -18.366  0.279  -164   46 o  0   1.49 160.08871 -46.41957  9900.08  1027.47 3.87 2.85  83.5 -0.353 17.89 18.55 01a58887o0489o
58887.446779 -19.294  0.927   -70   64 o  0   1.16 160.08871 -46.41957   490.53   990.49 4.76 3.65  70.8 -0.353 17.74 18.61 01a58887o0507o
58887.447702 -20.217  1.676   -30   50 o  0   1.27 160.08871 -46.41957  9956.72  1101.14 4.26 3.19  85.8 -0.328 17.84 18.58 01a58887o0509o
58887.460783 -18.385  0.322  -161   52 o  0   0.92 160.08871 -46.41957  9975.07   980.38 4.27 2.92  85.6 -0.357 17.87 18.64 01a58887o0536o
58913.425743  21.657  3.161     8   25 o  0   1.04 160.08871 -46.41957  5947.08  7380.36 2.28 2.04 -55.7 -0.447 18.67 19.30 02a58913o0380o
58913.426201 -21.174  1.850   -12   23 o  0   0.93 160.08871 -46.41957  8007.70  1247.10 2.12 1.91 -67.9 -0.454 18.88 19.43 02a58913o0381o
58913.453896 -21.280  2.296   -11   26 o  0   0.82 160.08871 -46.41957  6002.96  7299.69 2.34 2.22  63.2 -0.424 18.73 19.37 02a58913o0436o
58913.454353 -20.449  0.908   -24   22 o  0   1.06 160.08871 -46.41957  8061.40  1166.84 2.36 1.97 -62.6 -0.435 18.85 19.50 02a58913o0437o
58939.264980  18.883  4.318   102  439 o  0   0.82 160.08871 -46.41957  4352.30  1255.96 2.73 2.16   6.0 -0.375 16.19 16.74 01a58939o0025o
58939.271065 -16.822  0.697  -678  473 o  0   1.12 160.08871 -46.41957  4321.58  1198.35 2.56 2.13  15.2 -0.384 16.20 16.65 01a58939o0037o
58939.273873  21.651  9.625     8   76 o  0   0.94 160.08871 -46.41957  4371.55  1269.65 2.54 2.25  34.9 -0.378 17.23 17.79 01a58939o0043o
58939.292219  22.802 31.000     3   85 o  0   0.91 160.08871 -46.41957  4358.38  1092.31 2.61 2.18  75.6 -0.391 17.75 18.68 01a58939o0080o
58941.333310  20.081  0.649    34   22 o  0   0.89 160.08871 -46.41957  2357.25  7327.63 2.09 1.92 -39.2 -0.446 18.90 19.58 02a58941o0223o
58941.336653 -21.231  1.779   -12   21 o  0   1.16 160.08871 -46.41957  2337.07  7288.62 2.04 1.99 -12.7 -0.446 18.96 19.57 02a58941o0230o
58941.342223 -21.370  2.165   -10   22 o  0   0.87 160.08871 -46.41957  2396.22  7368.03 2.06 1.98 -32.8 -0.440 18.90 19.55 02a58941o0242o
58941.357072  21.547  2.442     9   21 o  0   0.87 160.08871 -46.41957  2418.91  7253.54 2.09 1.98  23.3 -0.435 18.88 19.56 02a58941o0274o
58941.372602  23.082 10.556     2   22 o  0   0.94 160.08871 -46.41957  4701.04  3122.41 2.19 1.95  46.6 -0.447 18.95 19.63 02a58941o0306o
58941.375646 -21.855  3.456    -7   23 o  0   0.56 160.08871 -46.41957  4682.70  3084.23 2.13 1.94  48.8 -0.450 18.93 19.63 02a58941o0312o
58941.381532 -24.277 35.667    -1   25 o  0   0.63 160.08871 -46.41957  4740.03  3161.70 2.18 1.95  47.3 -0.446 18.92 19.60 02a58941o0324o
58941.392116 -20.469  0.836   -24   20 o  0   0.98 160.08871 -46.41957  4760.11  3048.77 2.10 1.93  49.5 -0.446 18.96 19.59 02a58941o0347o
58961.290411 -21.337  1.114   -11   12 c  0   1.48 160.08871 -46.41957  1371.86  7296.32 2.65 2.27  33.4 -0.390 19.27 20.87 02a58961o0141c
58961.293229  25.187 46.000     0   14 c  0   1.01 160.08871 -46.41957  1352.93  7257.12 2.66 2.27  31.8 -0.391 19.29 20.88 02a58961o0147c
58961.300302  22.210  3.067     5   14 c  0   0.81 160.08871 -46.41957  1413.01  7337.59 2.75 2.31  34.7 -0.381 19.26 20.89 02a58961o0162c
58961.312386  22.003  2.359     6   14 c  0   0.91 160.08871 -46.41957  1434.75  7224.42 2.47 2.30  37.6 -0.406 19.33 20.92 02a58961o0188c
58973.277209 -22.945 13.750    -2   33 o  0   0.94 160.08871 -46.41957  3949.42  7362.36 3.04 2.03  35.6 -0.370 18.41 18.76 02a58973o0102o
58973.277666  26.255 234.000     0   27 o  0   1.07 160.08871 -46.41957  6038.06   883.95 2.30 1.97  50.3 -0.410 18.48 18.84 02a58973o0103o
58973.280000  19.840  0.810    42   34 o  0   0.80 160.08871 -46.41957  3930.40  7323.61 3.07 2.10  34.8 -0.370 18.38 18.76 02a58973o0108o
58973.280457 -21.192  2.318   -12   28 o  0   0.93 160.08871 -46.41957  6020.05   845.38 2.29 1.97  52.4 -0.409 18.46 18.84 02a58973o0109o
58973.287814  25.929 207.000     0   32 o  0   0.88 160.08871 -46.41957  3989.96  7404.21 3.05 2.07  37.4 -0.368 18.37 18.75 02a58973o0125o
58973.288271  20.371  1.459    26   38 o  0   0.64 160.08871 -46.41957  6076.11   925.22 2.31 2.02  52.0 -0.415 18.43 18.83 02a58973o0126o
58973.323809 -19.402  0.549   -63   35 o  0   0.99 160.08871 -46.41957  6095.61   809.93 2.28 2.07 -68.2 -0.434 18.42 18.75 02a58973o0198o
58981.254721  24.058 16.000     1   14 c  0   0.93 160.08871 -46.41957  2915.15  7338.64 2.67 2.50  40.9 -0.374 19.20 20.73 02a58981o0051c
58981.257947  21.064  0.974    14   13 c  0   1.12 160.08871 -46.41957  2895.64  7299.62 2.73 2.51  38.4 -0.366 19.20 20.79 02a58981o0058c
58981.258404 -20.961  0.876   -15   13 c  0   0.98 160.08871 -46.41957  1004.92  4661.67 2.56 2.47  58.8 -0.414 19.22 20.83 02a58981o0059c
58981.266692 -22.511  3.579    -4   13 c  0   1.21 160.08871 -46.41957   985.99  4622.33 2.74 2.61  48.9 -0.398 19.18 20.88 02a58981o0077c
58981.267148  21.214  1.365    12   16 c  0   0.58 160.08871 -46.41957  2955.38  7380.16 2.79 2.55  39.2 -0.370 19.17 20.86 02a58981o0078c
58981.272211  22.220  2.833     5   13 c  0   1.03 160.08871 -46.41957  1044.71  4703.26 2.77 2.67  89.6 -0.399 19.20 20.97 02a58981o0089c
58981.277289  21.287  1.050    11   12 c  0   1.11 160.08871 -46.41957  2977.38  7266.52 2.79 2.55  44.2 -0.371 19.23 21.00 02a58981o0100c
58981.284185  21.058  0.970    14   13 c  0   0.89 160.08871 -46.41957  1066.17  4591.65 2.86 2.78  74.1 -0.384 19.19 21.07 02a58981o0115c
59183.611007 -21.028  2.777   -14   39 o  0   0.93 160.08871 -46.41957  5407.56  6719.49 2.52 2.39 -16.8 -0.362 18.02 18.37 01a59183o0928o
59183.613854 -19.450  0.600   -60   36 o  0   1.05 160.08871 -46.41957  5388.48  6680.13 2.75 2.40 -14.1 -0.334 17.98 18.40 01a59183o0934o
59183.617082  23.157 20.071     2   40 o  0   0.87 160.08871 -46.41957  7872.35  7363.79 2.58 2.32 -83.7 -0.384 18.00 18.47 01a59183o0941o
59183.618939 -20.393  1.476   -25   37 o  0   0.94 160.08871 -46.41957  5448.24  6757.62 2.39 2.20 -74.5 -0.381 18.11 18.44 01a59183o0945o
59183.619861 -18.929  0.326   -97   32 o  0   1.75 160.08871 -46.41957  7853.90  7325.46 2.49 2.41 -24.9 -0.362 18.05 18.49 01a59183o0947o
59183.626327  19.032  0.504    88   45 o  0   0.87 160.08871 -46.41957  7915.30  7398.33 2.70 2.48 -10.9 -0.373 18.01 18.59 01a59183o0960o
59183.629098 -20.097  1.069   -33   36 o  0   1.05 160.08871 -46.41957  5469.18  6640.02 2.56 2.46 -32.9 -0.376 18.05 18.54 01a59183o0966o
59183.636035 -20.493  1.671   -23   38 o  0   1.00 160.08871 -46.41957  7937.80  7283.61 2.74 2.45   0.8 -0.367 18.05 18.73 01a59183o0981o
59185.603322  19.989  0.939    37   34 o  0   1.13 160.08871 -46.41957  9532.15  5873.01 2.43 2.32  63.5 -0.423 18.45 18.94 02a59185o0915o
59185.606997 -24.200 42.500    -1   32 o  0   1.35 160.08871 -46.41957  9551.52  5911.96 2.31 2.09  40.6 -0.410 18.49 18.94 02a59185o0923o
59185.614252 -20.870  2.254   -16   37 o  0   0.78 160.08871 -46.41957  9492.48  5832.27 2.39 2.19  39.7 -0.424 18.49 18.95 02a59185o0938o
59185.616105  22.655 10.125     3   32 o  0   0.77 160.08871 -46.41957  7620.14  3196.22 2.27 2.18  88.1 -0.423 18.47 18.90 02a59185o0942o
59185.619305 -22.198  5.189    -5   25 o  0   1.15 160.08871 -46.41957  7639.97  3234.85 2.24 2.20 -80.6 -0.420 18.43 18.90 02a59185o0949o
59185.626235  19.840  0.670    42   28 o  0   1.56 160.08871 -46.41957  7582.93  3155.15 2.45 2.19  34.6 -0.413 18.44 18.93 02a59185o0964o
59185.635439 -19.958  0.878   -38   33 o  0   0.74 160.08871 -46.41957  9475.13  5945.71 2.40 2.30  58.0 -0.423 18.57 19.03 02a59185o0984o
59185.643690 -20.746  1.590   -18   29 o  0   0.83 160.08871 -46.41957  7563.59  3268.21 2.15 2.04 -76.3 -0.440 18.52 18.98 02a59185o1002o
59187.581485  21.675  4.769     8   37 o  0   0.98 160.08871 -46.41957  2842.81  3209.13 3.97 3.60  66.5 -0.323 18.13 19.20 01a59187o0834o
59187.584715  20.261  1.089    29   31 o  0   1.08 160.08871 -46.41957  2823.82  3170.47 3.42 3.15  50.9 -0.349 18.32 19.24 01a59187o0841o
59187.593384  20.974  2.241    15   33 o  0   1.13 160.08871 -46.41957  2882.23  3249.48 3.73 3.47 -85.3 -0.331 18.30 19.32 01a59187o0859o
59187.604470 -19.510  0.470   -57   27 o  0   1.28 160.08871 -46.41957  2899.89  3135.33 2.99 2.88  75.3 -0.382 18.51 19.37 01a59187o0883o
59191.570107 -20.625  1.077   -20   22 o  0   1.07 160.08871 -46.41957  2841.75  3205.54 3.01 2.90  75.4 -0.387 18.79 19.94 01a59191o0836o
59191.573331 -21.831  3.500    -7   24 o  0   1.13 160.08871 -46.41957  2822.61  3167.05 3.54 3.05 -66.5 -0.385 18.71 20.00 01a59191o0843o
59191.578862  21.312  1.696    11   18 o  0   1.28 160.08871 -46.41957  2879.99  3245.95 3.09 2.78  85.8 -0.385 18.78 20.04 01a59191o0855o
59191.588999  24.088 19.200     1   16 o  0   1.49 160.08871 -46.41957  2898.13  3131.09 2.91 2.61 -86.8 -0.376 18.96 20.09 01a59191o0877o
59197.603119 -22.039  2.229    -6   12 c  0   0.93 160.08871 -46.41957  1259.88  3616.34 2.56 2.31 -66.0 -0.418 19.47 21.31 02a59197o0885c
59197.605406 -23.139  7.000    -2   14 c  0   0.90 160.08871 -46.41957  1279.79  3654.04 2.56 2.26 -66.3 -0.421 19.44 21.31 02a59197o0890c
59197.608150  21.352  1.269    10   13 c  0   0.81 160.08871 -46.41957  1219.80  3577.76 2.58 2.28 -64.9 -0.417 19.45 21.31 02a59197o0896c
59197.618211 -22.770  4.188    -3   12 c  0   0.98 160.08871 -46.41957  1199.12  3692.85 2.74 2.49 -68.1 -0.400 19.38 21.29 02a59197o0918c
