###MJD          m      dm   uJy   duJy F err chi/N     RA       Dec        x        y     maj  min   phi  apfit mag5sig Sky   Obs
57404.592363 -20.515  1.686   -23   38 o  0   2.14 180.88496 -43.65484  6292.44  7854.12 3.76 3.43  79.9 -0.412 18.57 20.47 02a57404o0644o
57405.598485 -19.767  0.937   -45   42 o  0   2.74 180.88496 -43.65484  6289.37  7854.68 3.94 3.16  87.6 -0.416 18.52 20.36 02a57405o0629o
57405.618607 -19.960  1.750   -38   66 o  0   2.64 180.88496 -43.65484  4681.29  3432.40 3.51 3.08  79.7 -0.470 18.14 19.68 02a57405o0657o
57405.644256 -18.080  0.238  -213   51 o  0   2.33 180.88496 -43.65484  3836.85  2260.73 4.96 3.25   0.4 -0.455 18.55 20.17 02a57405o0695o
57405.647276  20.930  3.000    15   46 o  0   2.09 180.88496 -43.65484  3554.47  3999.38 4.42 3.28   1.9 -0.436 18.40 20.00 02a57405o0700o
57447.493059 -19.430  1.538   -61   94 o  0   2.45 180.88496 -43.65484  3930.76  3634.67 3.66 2.77 -82.3 -0.469 17.56 18.58 02a57447o0577o
57447.512468 -20.326  2.424   -27   65 o  0   2.84 180.88496 -43.65484  3656.61  3049.25 4.37 3.18  -3.0 -0.462 17.99 19.11 02a57447o0612o
57447.533163 -17.743  0.215  -290   62 o  0   2.08 180.88496 -43.65484  4800.51  2481.56 4.96 2.87   4.1 -0.449 18.14 19.27 02a57447o0647o
57447.553698 -17.282  0.125  -444   55 o  0   2.38 180.88496 -43.65484  4650.68  2249.46 5.08 2.94   6.3 -0.449 18.15 19.28 02a57447o0682o
57453.478456  20.018  0.846    36   30 c  0   1.56 180.88496 -43.65484  3786.88  3456.64 4.02 3.46 -78.4 -0.420 18.96 20.88 02a57453o0527c
57453.497340  20.308  1.163    27   32 c  0   1.37 180.88496 -43.65484  3513.10  2869.42 4.07 3.55 -67.3 -0.429 19.00 20.86 02a57453o0562c
57453.516777  20.173  0.828    31   26 c  0   1.24 180.88496 -43.65484  4659.59  2305.30 4.43 3.79 -10.0 -0.424 19.30 21.14 02a57453o0597c
57453.537076 -18.528  0.159  -141   22 c  0   1.80 180.88496 -43.65484  4645.86  2246.37 4.59 3.87 -15.2 -0.422 19.26 21.10 02a57453o0632c
57457.470900 -19.370  0.490   -65   32 c  0   1.75 180.88496 -43.65484  3842.63  3396.76 4.16 3.56 -77.5 -0.437 18.85 20.83 02a57457o0522c
57457.489537  19.660  0.709    50   35 c  0   1.27 180.88496 -43.65484  3571.03  2812.47 4.32 3.76 -60.1 -0.426 18.95 20.85 02a57457o0559c
57457.509163  19.891  0.797    40   32 c  0   1.60 180.88496 -43.65484  4714.76  2245.23 4.29 3.78 -49.5 -0.443 18.99 20.86 02a57457o0596c
57457.529686  21.405  3.333    10   33 c  0   1.48 180.88496 -43.65484  4653.28  2242.62 4.53 3.80 -43.5 -0.434 19.00 20.92 02a57457o0633c
57461.473410  19.139  0.462    80   37 c  0   2.06 180.88496 -43.65484  3510.01  2906.33 4.43 3.75 -17.4 -0.436 18.70 20.57 02a57461o0533c
57461.494374 -19.929  5.700   -39  221 c  0   1.09 180.88496 -43.65484  4655.37  2340.51 4.35 3.62  -8.7 -0.473 17.09 18.87 02a57461o0568c
57461.515327  20.314  1.792    27   49 c  0   2.15 180.88496 -43.65484  4644.36  2243.55 4.78 4.07 -12.2 -0.408 18.44 20.29 02a57461o0603c
57465.444004 -21.440  4.714   -10   45 o  0   1.63 180.88496 -43.65484  3947.06  3263.92 4.12 3.39 -14.8 -0.500 18.39 19.40 02a57465o0484o
57465.461008  19.397  0.742    63   47 o  0   1.91 180.88496 -43.65484  3672.36  2678.22 4.33 3.42 -13.8 -0.505 18.42 19.44 02a57465o0519o
57465.478011 -19.505  0.748   -57   43 o  0   1.45 180.88496 -43.65484  4816.13  2110.87 4.37 3.31  -6.5 -0.509 18.42 19.43 02a57465o0554o
57465.496303  22.881 18.200     3   46 o  0   1.56 180.88496 -43.65484  4636.68  2241.74 4.37 3.45  -7.0 -0.505 18.38 19.40 02a57465o0589o
57477.417177  19.023  0.363    89   32 o  0   1.55 180.88496 -43.65484  3929.78  3216.88 4.12 3.51 -14.9 -0.493 18.80 20.20 02a57477o0431o
57477.434234 -18.511  0.241  -143   34 o  0   2.21 180.88496 -43.65484  3656.43  2630.60 4.33 3.42 -13.2 -0.510 18.67 19.92 02a57477o0466o
57477.451690 -20.320  1.278   -27   35 o  0   2.13 180.88496 -43.65484  4798.26  2061.92 4.37 3.34  -5.4 -0.509 18.65 19.84 02a57477o0501o
57477.468702 -20.389  1.540   -25   39 o  0   2.08 180.88496 -43.65484  4634.73  2236.95 4.42 3.42  -7.2 -0.504 18.57 19.73 02a57477o0536o
57863.425794  19.488  0.437    58   25 c  0   1.76 180.88496 -43.65484  2764.27  4679.27 3.83 3.71  81.9 -0.388 18.51 20.06 02a57863o0365c
57867.418572 -18.089  0.914  -211  193 c  0   1.16 180.88496 -43.65484  5834.58  3321.41 3.78 2.92  30.7 -0.414 16.39 17.95 02a57867o0381c
57922.273561  21.509  2.261     9   20 o  0   2.40 180.88496 -43.65484  7098.69  8027.86 3.19 2.98  58.3 -0.434 19.07 20.42 01a57922o0067o
57922.282433  23.130  9.800     2   20 o  0   3.14 180.88496 -43.65484  7109.98  8100.81 3.19 3.04  72.3 -0.437 19.07 20.45 01a57922o0085o
57923.268289  18.741  8.176   116  947 o  0   1.06 180.88496 -43.65484  5425.11  2974.70 2.97 2.37  51.6 -0.431 14.39 16.43 02a57923o0053o
57926.265723  19.860  0.484    41   20 o  0   3.13 180.88496 -43.65484  6738.79  8621.60 3.10 2.87  60.1 -0.443 19.07 20.30 01a57926o0051o
57926.274644 -21.937  3.094    -6   19 o  0   3.54 180.88496 -43.65484  6763.43  8694.62 3.09 2.96  76.5 -0.444 19.08 20.32 01a57926o0069o
58095.630161 -20.380  1.286   -26   33 o  0   3.66 180.88496 -43.65484  2454.98  7346.42 3.78 3.20  88.6 -0.418 18.40 19.56 01a58095o0971o
58095.630619 -20.615  1.905   -21   39 o  0   2.25 180.88496 -43.65484  2511.05  7423.99 4.12 3.49  83.3 -0.398 18.36 19.56 01a58095o0972o
58095.634301 -20.385  1.367   -26   35 o  0   2.56 180.88496 -43.65484  2533.51  7297.86 3.64 3.07  85.4 -0.419 18.46 19.58 01a58095o0980o
58097.631574 -20.636  1.493   -20   30 o  0   2.10 180.88496 -43.65484  6592.67  3073.10 2.43 2.32  38.6 -0.425 18.32 19.92 02a58097o0919o
58099.620070 -18.351  1.144  -166  190 o  0   1.28 180.88496 -43.65484  4351.69  7091.40 4.75 4.52  82.0 -0.378 17.26 18.90 01a58099o0948o
58099.626964 -20.039  1.276   -35   45 o  0   1.93 180.88496 -43.65484  4352.83  6955.06 4.20 3.80  89.6 -0.361 17.98 19.41 01a58099o0963o
58103.612234 -22.950 10.000    -2   24 o  0   2.26 180.88496 -43.65484  4461.91  7992.65 3.92 3.24 -89.0 -0.418 18.68 20.21 01a58103o0785o
58103.614067  19.597  0.416    53   22 o  0   3.99 180.88496 -43.65484  4485.65  7870.76 3.92 3.29  87.9 -0.416 18.68 20.24 01a58103o0789o
58111.585268 -23.134 10.143    -2   20 o  0   3.12 180.88496 -43.65484  2268.05  6685.56 3.90 3.23  85.1 -0.405 18.88 20.52 01a58111o0866o
58111.586642 -18.946  0.206   -96   20 o  0   3.91 180.88496 -43.65484  2321.90  6760.37 3.85 3.15  88.6 -0.412 18.86 20.52 01a58111o0869o
58111.593057 -19.132  0.235   -81   19 o  0   3.21 180.88496 -43.65484  2323.82  6625.86 4.00 3.28  84.7 -0.413 18.84 20.53 01a58111o0883o
58115.577292 -19.072  0.265   -85   23 o  0   2.71 180.88496 -43.65484  4644.50  7244.36 4.36 3.95 -88.5 -0.377 18.70 20.53 01a58115o0853o
58115.584167  20.043  0.554    35   19 o  0   3.50 180.88496 -43.65484  4603.01  7185.89 4.27 3.88  85.8 -0.394 18.74 20.55 01a58115o0868o
58115.591059 -18.833  0.193  -106   21 o  0   3.72 180.88496 -43.65484  4661.23  7242.45 4.11 3.71  89.6 -0.402 18.78 20.61 01a58115o0883o
58115.597490 -20.934  1.118   -15   17 o  0   4.03 180.88496 -43.65484  4663.99  7106.57 3.88 3.39  88.6 -0.410 18.92 20.68 01a58115o0897o
58117.602171  20.734  1.166    18   22 o  0   1.05 180.88496 -43.65484  7819.29  1831.15 2.54 2.04  50.1 -0.454 19.14 20.13 02a58117o0560o
58117.609990  20.467  0.747    24   18 o  0   2.89 180.88496 -43.65484  7830.79  1871.11 2.62 2.12  50.6 -0.445 19.26 20.50 02a58117o0577o
58117.617789  21.313  1.519    11   16 o  0   2.27 180.88496 -43.65484  7772.21  1792.74 2.66 2.13  51.2 -0.445 19.32 20.60 02a58117o0594o
58117.625604  21.178  1.358    12   17 o  0   2.02 180.88496 -43.65484  7755.40  1910.76 2.60 2.05  50.9 -0.448 19.36 20.62 02a58117o0611o
58119.582090  19.119  0.681    82   56 o  0   1.22 180.88496 -43.65484  5515.28  9330.31 4.32 3.60 -87.1 -0.428 17.66 18.66 01a58119o0850o
58119.588983  22.304 10.692     4   46 o  0   1.51 180.88496 -43.65484  5489.29  9269.42 4.19 3.47 -84.4 -0.418 17.71 18.69 01a58119o0865o
58119.595879 -19.103  0.563   -83   47 o  0   1.30 180.88496 -43.65484  5534.66  9324.52 4.09 3.40 -83.6 -0.429 17.78 18.73 01a58119o0880o
58119.602776 -18.906  0.876   -99   87 o  0   1.52 180.88496 -43.65484  5551.76  9184.23 3.97 3.52 -81.9 -0.413 17.81 18.77 01a58119o0895o
58121.578067  18.730  0.481   117   56 o  0   1.47 180.88496 -43.65484  5053.29  4068.46 2.53 2.39  31.5 -0.451 17.55 18.25 02a58121o0836o
58121.583090  21.510  5.767     9   52 o  0   0.93 180.88496 -43.65484  5065.45  4108.73 2.26 2.11  44.1 -0.446 17.80 18.34 02a58121o0847o
58121.592674 -19.810  1.080   -43   47 o  0   1.83 180.88496 -43.65484  5008.06  4031.85 2.46 2.29  42.5 -0.454 17.76 18.44 02a58121o0868o
58121.604243 -20.334  1.626   -27   43 o  0   1.49 180.88496 -43.65484  4990.11  4150.66 2.38 2.22  39.2 -0.451 17.82 18.59 02a58121o0891o
58123.593315 -20.603  2.099   -21   44 o  0   1.85 180.88496 -43.65484  2923.62  6936.26 3.98 3.19  89.4 -0.429 18.33 19.37 01a58123o0556o
58123.597895 -19.464  0.780   -60   46 o  0   2.11 180.88496 -43.65484  2903.90  6881.81 4.02 3.18 -88.2 -0.436 18.29 19.38 01a58123o0566o
58123.604304 -19.328  0.722   -67   49 o  0   1.76 180.88496 -43.65484  2952.64  6937.94 4.20 3.43 -86.9 -0.418 18.22 19.38 01a58123o0580o
58123.613911 -20.393  1.959   -25   50 o  0   1.76 180.88496 -43.65484  2956.29  6786.74 4.31 3.52 -86.6 -0.418 18.20 19.39 01a58123o0601o
58127.576204  21.910  4.214     6   26 o  0   2.31 180.88496 -43.65484  4006.65  8462.29 4.87 4.15 -88.3 -0.378 18.60 20.33 01a58127o0833o
58127.585828 -19.924  0.643   -39   25 o  0   2.31 180.88496 -43.65484  3966.22  8388.58 4.68 3.90 -86.1 -0.377 18.65 20.38 01a58127o0854o
58127.597310 -19.129  0.274   -81   22 o  0   2.90 180.88496 -43.65484  4009.07  8425.65 4.89 4.07 -83.8 -0.364 18.62 20.41 01a58127o0879o
58127.607386 -19.195  0.300   -76   23 o  0   2.93 180.88496 -43.65484  4026.04  8271.92 4.97 4.15 -83.1 -0.364 18.62 20.42 01a58127o0901o
58129.583014  19.441  1.758    61  107 o  0   1.18 180.88496 -43.65484  4911.07  1748.86 2.48 1.98  41.7 -0.443 16.58 17.43 02a58129o0846o
58129.586236 -21.912 15.167    -6   95 o  0   0.86 180.88496 -43.65484  4938.42  1787.92 2.58 2.07  41.9 -0.426 16.41 17.24 02a58129o0853o
58129.594022 -19.410  0.621   -62   39 o  0   0.95 180.88496 -43.65484  4865.60  1730.46 2.64 2.14  40.4 -0.426 18.29 19.50 02a58129o0870o
58129.601845 -20.416  0.641   -25   16 o  0   2.65 180.88496 -43.65484  4849.44  1847.72 2.71 2.28  45.0 -0.420 19.07 20.45 02a58129o0887o
58131.575808  19.159  0.257    79   20 o  0   4.39 180.88496 -43.65484  5925.67  7899.39 4.88 3.89  88.7 -0.354 18.94 21.04 01a58131o0648o
58131.579930 -20.139  0.526   -32   17 o  0   4.87 180.88496 -43.65484  5904.71  7844.83 4.89 3.84 -84.6 -0.358 18.95 21.08 01a58131o0657o
58131.590472  18.431  0.110   154   17 o  0   5.08 180.88496 -43.65484  5948.94  7884.75 4.92 3.75 -84.8 -0.367 19.00 21.18 01a58131o0680o
58131.601037 -20.386  0.647   -25   16 o  0   5.21 180.88496 -43.65484  5952.88  7729.47 4.81 3.64 -89.5 -0.351 18.98 21.10 01a58131o0703o
58135.594846  20.930  1.667    15   26 o  0   2.14 180.88496 -43.65484  4295.03  8138.08 4.92 4.74 -77.5 -0.342 18.43 20.26 01a58135o0866o
58135.605871 -19.970  0.598   -37   22 o  0   2.66 180.88496 -43.65484  4259.88  8058.68 4.41 3.80 -81.1 -0.384 18.49 20.15 01a58135o0889o
58135.607958 -19.497  0.500   -58   29 o  0   1.70 180.88496 -43.65484  6418.49  2152.23 4.48 4.00 -89.7 -0.378 17.91 20.14 01a58135o0893o
58135.622325  18.927  0.229    98   22 o  0   2.59 180.88496 -43.65484  6418.55  2326.86 4.14 3.60 -87.6 -0.386 18.50 20.40 01a58135o0919o
58139.574688  20.911  1.722    16   27 o  0   6.45 180.88496 -43.65484  4055.93  6969.25 4.37 3.45 -87.6 -0.381 18.75 20.68 01a58139o0504o
58139.584828 -20.390  0.701   -25   18 o  0   6.06 180.88496 -43.65484  4020.14  6891.74 4.24 3.34 -89.1 -0.377 18.81 20.72 01a58139o0525o
58147.576895  18.556  0.271   137   37 o  0   1.34 180.88496 -43.65484  7632.10   971.21 3.93 3.06  88.1 -0.429 17.71 19.09 01a58147o0400o
58147.584760  20.093  1.053    33   35 o  0   1.39 180.88496 -43.65484  7667.37  1041.75 4.21 3.13  85.5 -0.416 17.89 19.23 01a58147o0416o
58147.594377  20.104  0.934    33   31 o  0   1.36 180.88496 -43.65484  7602.95  1002.45 3.83 2.81  87.3 -0.446 18.13 19.34 01a58147o0437o
58147.601778 -20.566  1.360   -22   29 o  0   1.71 180.88496 -43.65484  7590.53  1150.36 4.06 2.97  87.2 -0.432 18.20 19.42 01a58147o0452o
58151.564871  21.246  4.118    12   47 o  0   1.11 180.88496 -43.65484  7914.46  1769.89 3.78 3.10  88.4 -0.425 17.66 18.61 01a58151o0679o
58151.574029 -22.121  6.941    -5   36 o  0   1.97 180.88496 -43.65484  7935.96  1845.40 3.88 3.09  89.9 -0.419 17.87 18.75 01a58151o0699o
58151.579987 -20.357  1.750   -26   46 o  0   1.18 180.88496 -43.65484  7883.57  1790.92 3.92 3.14  89.7 -0.412 17.94 18.81 01a58151o0712o
58151.596215  19.385  0.644    64   41 o  0   1.29 180.88496 -43.65484  7863.34  1973.94 3.80 2.93 -88.3 -0.428 18.06 18.84 01a58151o0746o
58153.582617   0.000  0.000     0    0 o  0  -2.00 180.88496 -43.65484  2203.42  7595.07 3.47 2.83 -66.6 -0.391 15.85 17.92 02a58153o0822o
58159.541927  19.596  0.370    53   20 o  0   2.58 180.88496 -43.65484  6373.28   510.73 4.08 3.55  83.1 -0.410 18.57 20.80 01a58159o0733o
58159.545136  20.111  0.633    33   21 o  0   5.64 180.88496 -43.65484  1903.00 10294.42 4.72 4.06 -81.7 -0.363 19.07 21.30 01a58159o0740o
58159.549715 -21.451  2.045   -10   20 o  0   2.47 180.88496 -43.65484  6408.29   580.67 4.22 3.61  84.9 -0.376 18.65 20.85 01a58159o0750o
58159.555668  19.277  0.292    71   21 o  0   3.75 180.88496 -43.65484  1941.61 10374.26 4.85 4.11 -80.6 -0.354 19.04 21.24 01a58159o0763o
58159.557044 -21.565  2.320    -9   20 o  0   3.88 180.88496 -43.65484  6342.90   532.26 3.82 3.14  84.9 -0.450 18.70 20.92 01a58159o0766o
58159.565765 -19.716  0.361   -47   17 o  0   4.42 180.88496 -43.65484  6334.86   685.50 3.84 3.22  81.7 -0.406 18.84 20.98 01a58159o0784o
58159.567137  19.512  0.354    57   20 o  0   3.47 180.88496 -43.65484  1893.85 10344.75 4.64 4.01 -84.1 -0.342 19.07 21.15 01a58159o0787o
58159.578141 -18.545  0.209  -139   29 o  0   7.56 180.88496 -43.65484  1874.33 10508.09 4.85 4.15 -80.5 -0.333 19.05 21.16 01a58159o0811o
58161.543477 -20.104  0.324   -33   11 c  0   3.43 180.88496 -43.65484  2645.54  8509.50 2.84 2.57  29.9 -0.487 19.52 21.54 02a58161o0728c
58161.553981 -20.926  1.093   -16   17 c  0   1.90 180.88496 -43.65484  2633.84  8467.70 2.74 2.47  30.6 -0.483 19.57 21.53 02a58161o0751c
58161.564932 -21.777  1.846    -7   13 c  0   3.13 180.88496 -43.65484  2691.75  8545.56 2.78 2.46  28.1 -0.489 19.58 21.52 02a58161o0775c
58161.570448 -20.459  0.624   -24   15 c  0   3.03 180.88496 -43.65484  2708.51  8428.31 2.84 2.63  34.2 -0.458 19.49 21.51 02a58161o0787c
58167.521532 -19.801  0.542   -44   24 o  0   2.60 180.88496 -43.65484  6042.89  1439.42 4.20 3.54  85.9 -0.394 18.42 20.46 01a58167o0461o
58167.532982 -21.515  2.200    -9   20 o  0   2.13 180.88496 -43.65484  6078.65  1523.71 4.19 3.33  86.1 -0.388 18.63 20.58 01a58167o0486o
58167.542142 -22.904  6.625    -2   17 o  0   3.27 180.88496 -43.65484  6013.67  1483.27 4.03 3.23  87.6 -0.397 18.69 20.62 01a58167o0506o
58167.548553 -18.621  0.164  -129   21 o  0   3.20 180.88496 -43.65484  6003.87  1626.42 4.82 4.14  85.4 -0.356 18.55 20.65 01a58167o0520o
58173.475935  17.689  4.195   305 1280 o  0   1.36 180.88496 -43.65484  7847.92  3572.25 2.51 2.03  56.7 -0.457 14.38 15.13 02a58173o0189o
58181.477227 -15.581  1.029 -2127 2188 o  0   0.80 180.88496 -43.65484  4597.22  4468.99 3.65 2.79 -48.8 -0.437 14.02 16.29 02a58181o0572o
58183.453176  21.066  3.433    14   47 o  0   2.13 180.88496 -43.65484  5685.20  9088.67 5.36 3.95 -84.9 -0.326 18.17 19.41 01a58183o0503o
58183.464667 -21.471  5.095    -9   48 o  0   2.03 180.88496 -43.65484  5660.77  9006.15 5.05 3.87 -87.9 -0.341 18.25 19.49 01a58183o0527o
58183.466041  21.164  3.852    12   48 o  0   2.02 180.88496 -43.65484  5716.24  9059.98 5.17 3.88 -82.7 -0.331 18.21 19.50 01a58183o0530o
58183.474277 -18.431  0.289  -154   45 o  0   2.05 180.88496 -43.65484  5737.19  8911.41 4.71 3.60 -83.0 -0.358 18.27 19.50 01a58183o0548o
58184.413201  20.057  0.881    34   30 o  0   0.99 180.88496 -43.65484  6009.77  8626.93 2.20 1.85  30.4 -0.515 18.95 19.79 02a58184o0416o
58184.415483 -20.296  1.075   -28   30 o  0   1.21 180.88496 -43.65484  6023.30  8666.04 2.25 1.91  31.8 -0.513 18.97 19.79 02a58184o0421o
58184.417308  20.686  1.190    19   23 o  0   2.59 180.88496 -43.65484  5967.15  8588.18 2.15 1.84  31.3 -0.532 18.96 19.79 02a58184o0425o
58184.426958  19.461  0.540    60   32 o  0   1.22 180.88496 -43.65484  5954.82  8704.41 2.19 1.88  27.0 -0.517 19.00 19.78 02a58184o0444o
58185.419123  19.868  0.401    41   16 o  0   3.07 180.88496 -43.65484  6009.74  8627.11 2.24 1.97  27.7 -0.513 19.20 20.36 02a58185o0417o
58185.421404  19.300  0.459    69   32 o  0   4.47 180.88496 -43.65484  6022.83  8667.12 2.32 1.96  27.1 -0.518 19.18 20.28 02a58185o0422o
58185.423228 -21.097  1.410   -13   19 o  0   2.80 180.88496 -43.65484  5966.57  8588.98 2.27 1.95  28.2 -0.514 19.11 20.31 02a58185o0426o
58185.432825  19.889  0.640    40   26 o  0   1.52 180.88496 -43.65484  5953.44  8705.04 2.30 1.89  23.7 -0.531 19.10 20.14 02a58185o0445o
58187.453001  17.629  0.643   322  207 o  0   3.98 180.88496 -43.65484  4259.38  7148.89 4.12 3.07 -89.8 -0.411 15.91 17.57 01a58187o0501o
58187.547735  16.831  1.045   673  703 o  0   1.04 180.88496 -43.65484  5231.96  2023.46 2.43 2.23  35.9 -0.515 15.85 16.53 02a58187o0686o
58187.550115 -17.451  0.580  -380  220 o  0   1.19 180.88496 -43.65484  5220.22  1983.57 2.24 2.06  46.4 -0.533 18.16 19.22 02a58187o0689o
58187.563644 -21.287  3.960   -11   44 o  0   1.62 180.88496 -43.65484  5278.10  2060.44 2.53 2.22  31.7 -0.464 18.46 19.35 02a58187o0717o
58187.568733 -21.396  6.783   -10   68 o  0   1.06 180.88496 -43.65484  5294.22  1942.72 2.60 2.31  34.5 -0.464 17.50 18.24 02a58187o0726o
58193.438990 -20.524  0.692   -22   16 c  0   0.99 180.88496 -43.65484  4542.14  1252.24 2.75 2.37  48.4 -0.435 19.52 21.16 02a58193o0451c
58193.439903  20.622  0.559    20   11 c  0   2.63 180.88496 -43.65484  4527.75  1214.98 2.74 2.35  45.7 -0.432 19.50 21.16 02a58193o0453c
58193.448778  20.603  0.698    21   14 c  0   2.30 180.88496 -43.65484  5965.26  9277.17 2.51 2.21  11.1 -0.454 19.55 21.18 02a58193o0472c
58193.459929 -21.433  1.483   -10   14 c  0   1.63 180.88496 -43.65484  4451.66  1295.62 2.83 2.47  44.3 -0.426 19.48 21.17 02a58193o0496c
58197.441049  20.507  0.580    23   13 c  0   3.14 180.88496 -43.65484  2975.41  9237.03 2.90 2.65  16.8 -0.434 19.39 21.32 02a58197o0051c
58197.442873 -20.281  0.534   -28   15 c  0   2.04 180.88496 -43.65484  2919.61  9158.31 2.87 2.69  19.7 -0.428 19.40 21.31 02a58197o0055c
58197.451454 -21.323  1.339   -11   14 c  0   2.38 180.88496 -43.65484  2989.91  9116.48 2.85 2.54  21.1 -0.439 19.37 21.31 02a58197o0073c
58203.417889  19.856  0.940    42   39 o  0   1.29 180.88496 -43.65484  8636.99  2698.50 5.47 4.46 -89.7 -0.313 17.95 19.63 01a58203o0256o
58203.419265  20.581  1.722    21   37 o  0   1.65 180.88496 -43.65484  8624.49  2665.27 5.13 4.62 -88.9 -0.303 18.05 19.65 01a58203o0259o
58203.462506 -18.213  0.896  -188  169 o  0   1.42 180.88496 -43.65484  8608.56  2798.15 4.21 3.87  67.2 -0.392 16.89 18.61 01a58203o0274o
58213.419468 -18.591  0.367  -133   49 o  0   1.49 180.88496 -43.65484  5198.58  8790.69 2.99 2.57  60.3 -0.419 17.83 19.89 02a58213o0379o
58213.425399 -20.376  1.840   -26   47 o  0   1.67 180.88496 -43.65484  5186.06  8751.54 2.98 2.56  66.6 -0.435 17.85 19.90 02a58213o0392o
58213.426311  19.671  0.937    49   46 o  0   2.14 180.88496 -43.65484  5242.13  8829.43 2.99 2.57  64.9 -0.433 17.84 19.89 02a58213o0394o
58213.433664  18.793  1.462   110  161 o  0   1.34 180.88496 -43.65484  5271.63  8712.99 2.73 2.38  75.5 -0.461 16.91 19.09 02a58213o0410o
58223.377497  21.270  2.355    11   26 o  0   1.93 180.88496 -43.65484  7352.52  3863.34 4.13 3.21  85.7 -0.399 18.57 20.09 01a58223o0137o
58223.385329 -20.486  1.000   -23   23 o  0   2.04 180.88496 -43.65484  7373.12  3933.33 4.18 3.16 -86.4 -0.387 18.48 20.06 01a58223o0154o
58223.394045 -20.155  0.937   -32   30 o  0   1.60 180.88496 -43.65484  7322.96  3890.58 3.69 2.98 -86.5 -0.408 18.32 19.72 01a58223o0173o
58223.400920 -19.777  0.962   -45   43 o  0   2.46 180.88496 -43.65484  7313.29  4033.83 3.93 3.26 -86.6 -0.397 18.02 19.56 01a58223o0188o
58225.379347  18.327  4.333   170  734 c  0   1.19 180.88496 -43.65484  3355.25  9183.35 3.69 3.22  64.6 -0.373 16.18 19.15 02a58225o0337c
58225.381171  18.284  0.971   176  171 c  0   1.29 180.88496 -43.65484  3341.75  9143.66 3.61 3.18  55.8 -0.396 16.26 19.22 02a58225o0341c
58225.391207  16.844  0.336   664  223 c  0   1.53 180.88496 -43.65484  3399.23  9220.68 3.39 2.97  66.7 -0.414 16.19 19.12 02a58225o0363c
58225.403072 -17.629  2.048  -322  660 c  0   1.15 180.88496 -43.65484  3415.94  9102.12 3.67 3.31  61.3 -0.390 15.79 18.71 02a58225o0389c
58229.370846 -19.319  5.348   -68  364 o  0   1.34 180.88496 -43.65484  2227.07  7036.27 2.62 2.49  34.1 -0.438 15.72 16.53 02a58229o0229o
58229.378700  17.053  0.417   548  228 o  0   1.52 180.88496 -43.65484  2215.46  6996.54 2.73 2.56  26.8 -0.429 15.87 16.84 02a58229o0246o
58229.394353  16.762  0.466   716  334 o  0   2.24 180.88496 -43.65484  2303.88  6957.99 2.33 2.18  37.8 -0.454 15.40 16.40 02a58229o0280o
58233.367367  21.852  3.778     7   25 o  0   2.25 180.88496 -43.65484  5470.71  7370.30 2.24 2.16  32.0 -0.470 18.64 19.15 02a58233o0290o
58233.375153  19.585  0.559    53   30 o  0   1.54 180.88496 -43.65484  5457.96  7330.43 2.26 2.18 -72.2 -0.457 18.60 19.15 02a58233o0307o
58233.382961 -19.959  0.705   -38   27 o  0   2.52 180.88496 -43.65484  5515.16  7406.85 2.38 2.35 -44.2 -0.436 18.53 19.12 02a58233o0324o
58233.390773  20.242  1.181    29   34 o  0   1.02 180.88496 -43.65484  5530.44  7289.47 2.19 2.16  88.0 -0.476 18.61 19.11 02a58233o0341o
58245.342245  20.684  1.056    19   20 o  0   2.66 180.88496 -43.65484  5708.58  7719.81 2.21 2.11  39.3 -0.459 19.12 20.17 02a58245o0253o
58245.349146  20.400  0.849    25   21 o  0   4.21 180.88496 -43.65484  5696.37  7680.32 2.23 2.11  45.3 -0.465 19.06 20.10 02a58245o0268o
58245.356017  20.437  0.751    24   18 o  0   4.67 180.88496 -43.65484  5753.57  7757.05 2.21 2.16  64.9 -0.449 19.15 20.21 02a58245o0283o
58245.370209  22.470  5.043     4   19 o  0   6.69 180.88496 -43.65484  5785.27  7638.22 2.22 2.15  84.1 -0.447 18.91 19.93 02a58245o0313o
58247.356663  17.374  0.474   408  193 o  0   3.90 180.88496 -43.65484  5364.74  3618.89 3.56 3.35   4.6 -0.419 16.95 18.47 01a58247o0010o
58250.337659 -21.356  1.674   -10   17 c  0   1.70 180.88496 -43.65484  2396.13  7987.02 2.79 2.63  30.9 -0.406 18.99 20.59 02a58250o0207c
58250.345460  22.303  3.632     4   16 c  0   2.34 180.88496 -43.65484  2384.80  7927.37 2.86 2.71  23.0 -0.408 19.03 20.66 02a58250o0224c
58250.353276  20.661  0.767    20   15 c  0   3.24 180.88496 -43.65484  2442.24  8024.52 2.96 2.81  44.2 -0.401 19.14 20.76 02a58250o0241c
58250.361092  20.309  0.664    27   18 c  0   2.08 180.88496 -43.65484  2458.81  7906.82 2.84 2.73  55.2 -0.413 19.00 20.63 02a58250o0258c
58251.303231  19.196  0.301    76   23 o  0   1.52 180.88496 -43.65484  4825.16  2643.20 3.28 2.93   5.6 -0.448 18.90 20.59 01a58251o0134o
58251.311064  19.759  0.386    45   18 o  0   2.43 180.88496 -43.65484  4845.89  2712.41 2.98 2.80   7.8 -0.463 19.04 20.66 01a58251o0151o
58251.318854  20.116  0.545    33   18 o  0   2.46 180.88496 -43.65484  4794.16  2666.25 2.87 2.82  10.1 -0.471 19.04 20.64 01a58251o0168o
58251.326662  23.244  9.111     2   17 o  0   2.38 180.88496 -43.65484  4785.46  2813.98 2.88 2.76   3.1 -0.476 19.02 20.60 01a58251o0185o
58257.324460  23.898 28.500     1   29 c  0   1.42 180.88496 -43.65484  3027.89  8350.02 3.16 2.84  50.9 -0.425 18.51 21.13 02a58257o0196c
58257.332276  20.258  0.956    29   27 c  0   2.02 180.88496 -43.65484  3016.47  8309.45 3.51 3.27  51.4 -0.407 18.41 21.09 02a58257o0213c
58257.339630  20.975  2.042    15   30 c  0   1.35 180.88496 -43.65484  3073.54  8386.83 3.44 3.19  57.0 -0.415 18.40 21.03 02a58257o0229c
58257.347452 -20.248  0.922   -29   27 c  0   1.86 180.88496 -43.65484  3090.19  8268.75 3.26 2.98  64.6 -0.420 18.42 20.94 02a58257o0246c
58259.318811 -23.697 18.800    -1   23 o  0   2.15 180.88496 -43.65484  5246.22  2572.44 3.30 3.07  -2.5 -0.429 18.82 20.15 01a58259o0189o
58259.326619  20.076  0.728    34   25 o  0   1.40 180.88496 -43.65484  5273.54  2642.34 3.20 3.01  -8.1 -0.432 18.78 20.11 01a58259o0206o
58259.334457 -19.124  0.288   -81   23 o  0   6.94 180.88496 -43.65484  5203.94  2598.12 3.49 3.47  31.4 -0.410 18.66 20.10 01a58259o0223o
58259.342301 -19.195  0.306   -76   23 o  0   2.46 180.88496 -43.65484  5192.33  2746.38 4.24 4.10  46.7 -0.372 18.49 20.09 01a58259o0240o
58261.303994 -19.830  0.697   -42   30 o  0   1.90 180.88496 -43.65484  3120.19  9307.48 2.53 2.31  20.3 -0.447 18.70 19.39 02a58261o0175o
58261.312214 -19.553  0.506   -55   28 o  0   1.71 180.88496 -43.65484  3094.72  9265.84 2.45 2.24  26.4 -0.456 18.72 19.39 02a58261o0192o
58261.320034 -20.517  1.128   -23   25 o  0   1.81 180.88496 -43.65484  3166.69  9343.28 2.40 2.21  31.5 -0.441 18.71 19.39 02a58261o0209o
58261.327850  21.293  3.455    11   38 o  0   1.72 180.88496 -43.65484  3183.62  9224.31 2.31 2.12  37.0 -0.464 18.71 19.39 02a58261o0226o
58263.312592  19.790  2.434    44  107 o  0   1.02 180.88496 -43.65484  6610.48  1163.87 3.26 2.94  -0.8 -0.428 16.89 17.44 01a58263o0167o
58263.319950 -19.310  1.161   -69   80 o  0   0.98 180.88496 -43.65484  6624.12  1233.06 3.26 3.03  -6.9 -0.426 17.12 17.82 01a58263o0183o
58263.327327 -21.629 22.200    -8  180 o  0   1.27 180.88496 -43.65484  6566.58  1184.58 3.28 3.06  -0.4 -0.431 16.16 16.85 01a58263o0199o
58263.335155  18.794  0.700   110   77 o  0   1.33 180.88496 -43.65484  6536.09  1333.20 3.19 2.97   2.3 -0.437 16.89 17.96 01a58263o0216o
58273.296204  17.517  0.089   357   32 o  0   3.44 180.88496 -43.65484  3490.11  8041.03 2.32 2.14  83.3 -0.472 18.36 20.34 02a58273o0128o
58273.303563  18.464  0.282   149   42 o  0  11.86 180.88496 -43.65484  3464.84  7999.97 2.31 2.14  70.5 -0.481 17.94 19.82 02a58273o0144o
58273.310959  17.478  0.139   370   51 o  0   1.09 180.88496 -43.65484  3522.94  8077.39 2.34 2.13  89.5 -0.474 17.88 19.60 02a58273o0160o
58274.297879  17.469  0.057   374   21 o  0   5.72 180.88496 -43.65484  3928.69  7768.24 2.86 2.64  65.9 -0.443 18.88 20.08 02a58274o0137o
58274.306272  17.401  0.052   398   21 o  0   3.97 180.88496 -43.65484  4043.34  7651.91 2.69 2.48  62.7 -0.453 18.91 20.06 02a58274o0155o
58275.280783  17.166  0.039   494   19 o  0   2.65 180.88496 -43.65484  7825.88  3023.31 3.16 2.91 -76.8 -0.419 19.02 20.44 01a58275o0121o
58275.288650  17.155  0.038   499   19 o  0   1.91 180.88496 -43.65484  7839.48  3093.64 3.22 2.74 -87.7 -0.431 19.00 20.38 01a58275o0138o
58275.296069  17.210  0.043   474   20 o  0   2.04 180.88496 -43.65484  7781.75  3044.95 3.17 2.76 -84.0 -0.430 18.97 20.31 01a58275o0154o
58275.303929  17.213  0.044   473   21 o  0   4.52 180.88496 -43.65484  7751.36  3191.97 3.22 2.79 -86.4 -0.430 18.95 20.28 01a58275o0171o
58279.284356  17.061  0.037   544   20 o  0   1.90 180.88496 -43.65484  7145.68  2084.70 3.18 3.00 -14.7 -0.413 18.98 20.61 01a58279o0101o
58279.291742  17.159  0.046   497   23 o  0   1.40 180.88496 -43.65484  7170.46  2153.07 3.16 2.88 -81.9 -0.424 19.04 20.65 01a58279o0117o
58281.281600  17.603  0.072   330   24 c  0   1.64 180.88496 -43.65484  4598.61  7508.71 2.91 2.65  74.3 -0.425 18.69 21.09 02a58281o0043c
58281.288949  17.663  0.084   312   26 c  0   1.66 180.88496 -43.65484  4574.29  7468.34 3.15 2.88  72.1 -0.413 18.60 21.00 02a58281o0059c
58283.274839  17.446  0.080   382   30 o  0   1.98 180.88496 -43.65484  7106.48  3101.42 3.39 2.91  -1.9 -0.427 18.51 19.92 01a58283o0058o
58283.282725  17.168  0.052   493   26 o  0   2.30 180.88496 -43.65484  7119.43  3141.33 3.36 3.02   2.9 -0.413 18.72 20.19 01a58283o0075o
58285.259909  18.373  0.123   162   20 c  0   2.23 180.88496 -43.65484  5743.96  7086.59 3.05 2.93 -81.5 -0.382 18.89 20.29 02a58285o0040c
58285.267413  18.115  0.095   206   20 c  0   1.69 180.88496 -43.65484  5730.54  7047.31 2.98 2.88  72.5 -0.394 19.04 20.61 02a58285o0056c
58285.275446  17.984  0.066   233   15 c  0   2.65 180.88496 -43.65484  5787.70  7122.92 2.89 2.74  71.8 -0.399 19.15 20.70 02a58285o0073c
58285.283504  18.352  0.101   166   17 c  0   1.96 180.88496 -43.65484  5817.41  7005.46 2.91 2.74  74.8 -0.402 19.11 20.69 02a58285o0090c
58287.266323  17.632  0.089   322   29 o  0   1.40 180.88496 -43.65484  8006.34  1191.73 3.19 2.90   0.9 -0.416 18.50 19.60 01a58287o0058o
58459.627802  18.305  0.119   173   21 o  0   3.48 180.88496 -43.65484  5364.32  4330.71 4.06 3.61  82.3 -0.379 18.83 20.76 01a58459o0952o
58459.635650  21.404  1.939    10   19 o  0   3.89 180.88496 -43.65484  5320.71  4270.71 3.76 3.46  79.2 -0.390 18.95 20.76 01a58459o0969o
58459.643506 -18.927  0.188   -98   18 o  0   4.69 180.88496 -43.65484  5362.86  4324.93 4.11 3.81  75.8 -0.388 18.85 20.75 01a58459o0986o
58459.651382  19.279  0.294    70   21 o  0   2.67 180.88496 -43.65484  5376.36  4184.89 3.97 3.50  75.4 -0.394 18.70 20.40 01a58459o1003o
58465.652315 -22.345  5.667    -4   24 o  0   1.49 180.88496 -43.65484  7284.76  6551.95 2.39 2.17 -29.1 -0.432 18.94 20.68 02a58465o1011o
58465.653688 -20.117  0.744   -33   24 o  0   3.90 180.88496 -43.65484  7311.90  6591.41 2.81 2.53 -35.2 -0.415 18.79 20.67 02a58465o1014o
58465.656888  19.945  0.552    38   21 o  0   1.62 180.88496 -43.65484  7239.95  6512.23 2.52 2.19 -29.1 -0.417 18.87 20.61 02a58465o1021o
58465.668897  22.545 19.308     4   67 o  0   1.78 180.88496 -43.65484  7223.99  6626.92 2.68 2.53 -34.1 -0.418 17.67 19.82 02a58465o1047o
58467.645389  20.302  0.654    28   18 o  0   2.77 180.88496 -43.65484  1443.90  4162.93 3.41 3.31  12.6 -0.416 19.04 20.84 01a58467o0990o
58467.653233  19.995  0.646    36   24 o  0   1.83 180.88496 -43.65484  1419.89  4096.55 3.49 3.45  53.1 -0.414 18.88 20.57 01a58467o1007o
58467.669813  20.338  5.604    27  149 o  0   1.04 180.88496 -43.65484  1458.62  4116.72 3.38 3.31   3.8 -0.425 16.74 17.28 01a58467o1043o
58473.630579  19.106  1.698    83  140 o  0   0.27 180.88496 -43.65484  8123.82 10472.26 2.58 2.34  32.5 -0.414 18.41 19.53 02a58473o0962o
58473.645168  17.907  0.680   250  170 o  0   2.21 180.88496 -43.65484  8131.32 10512.71 2.65 2.26  23.0 -0.428 18.50 19.79 02a58473o0993o
58473.648828 -19.923  1.062   -39   41 o  0   1.40 180.88496 -43.65484  8090.89 10433.47 2.76 2.44  21.5 -0.426 18.49 19.90 02a58473o1001o
58485.675572  18.365  1.101   164  180 c  0   1.39 180.88496 -43.65484  7199.61  7872.97 3.35 2.89  81.8 -0.468 16.58 19.55 02a58485o1042c
58487.645022 -20.328  0.792   -27   21 o  0   3.12 180.88496 -43.65484 10344.69   485.01 3.91 3.24 -78.0 -0.419 18.87 20.82 01a58487o0979o
58487.646864  18.470  0.142   149   21 o  0   5.28 180.88496 -43.65484 10209.49 10238.72 4.65 3.21 -77.9 -0.418 19.19 21.06 01a58487o0983o
58487.654704  22.467  5.364     4   20 o  0   2.98 180.88496 -43.65484 10364.81   563.34 4.09 3.14 -84.7 -0.442 18.95 20.75 01a58487o1000o
58487.655626  19.528  0.401    56   22 o  0   3.52 180.88496 -43.65484 10232.16 10313.40 4.45 3.02 -78.4 -0.435 19.14 20.89 01a58487o1002o
58487.661622 -20.265  0.869   -28   25 o  0   1.63 180.88496 -43.65484  1127.91 10362.12 3.16 2.68 -81.5 -0.484 18.94 20.35 01a58487o1015o
58487.664397  19.518  0.584    57   33 o  0   1.63 180.88496 -43.65484 10313.44   521.84 4.07 2.98 -88.3 -0.441 18.43 19.64 01a58487o1021o
58487.666244  18.365  0.309   164   50 o  0   1.49 180.88496 -43.65484 10179.67 10275.65 5.63 3.70 -78.1 -0.358 18.36 19.41 01a58487o1025o
58487.667163 -19.636  0.995   -51   50 o  0   0.76 180.88496 -43.65484   572.74   664.25 3.15 3.01 -22.3 -0.462 17.95 18.90 01a58487o1027o
58487.669931  18.192  0.494   192   95 o  0   2.22 180.88496 -43.65484 10169.18 10408.45 5.68 3.74 -78.6 -0.345 17.58 18.33 01a58487o1033o
58487.670392 -18.995  0.901   -92   82 o  0   1.16 180.88496 -43.65484 10299.91   664.52 3.90 3.16 -80.1 -0.443 17.27 17.95 01a58487o1034o
58487.673151  19.857  4.968    41  206 o  0   0.97 180.88496 -43.65484   591.48   727.43 3.25 3.18 -77.0 -0.502 16.52 17.11 01a58487o1040o
58489.656180  19.892  0.547    40   22 c  0   1.96 180.88496 -43.65484  4042.67   112.10 3.18 2.72  61.1 -0.371 19.05 21.32 02a58489o0611c
58489.665899  18.950  0.422    96   40 c  0   2.01 180.88496 -43.65484  4015.74    73.62 3.04 2.63  60.5 -0.378 18.89 20.66 02a58489o0632c
58489.667308  20.203  1.600    30   48 c  0   1.54 180.88496 -43.65484  4026.96  9820.03 3.33 3.03  50.2 -0.439 17.96 20.67 02a58489o0635c
58489.675589  24.192 132.667     1  101 c  0   1.35 180.88496 -43.65484  4073.51   153.80 3.11 2.67  61.9 -0.425 17.18 18.34 02a58489o0653c
58489.676962 -19.630  5.103   -51  260 c  0   1.39 180.88496 -43.65484  4000.40  9780.97 3.12 2.96  57.6 -0.467 16.40 19.32 02a58489o0656c
58491.609271  21.599  2.160     8   18 o  0   2.88 180.88496 -43.65484  8005.60  5993.80 4.20 3.47  85.3 -0.410 19.13 21.41 01a58491o0892o
58491.618029 -20.031  0.456   -35   16 o  0   3.30 180.88496 -43.65484  7968.67  5923.09 4.40 3.47  89.8 -0.399 19.18 21.41 01a58491o0911o
58491.624938 -20.032  0.510   -35   18 o  0   3.32 180.88496 -43.65484  8019.59  5973.33 4.56 3.44  89.0 -0.396 19.16 21.36 01a58491o0926o
58491.632774 -20.497  0.658   -23   15 o  0   4.26 180.88496 -43.65484  8043.00  5827.75 3.88 3.23  88.3 -0.419 19.18 21.42 01a58491o0943o
58493.594740  19.973  0.537    37   20 c  0   2.42 180.88496 -43.65484  6533.59  4607.49 3.24 3.03   0.4 -0.405 18.71 21.22 02a58493o0861c
58493.603433  20.998  1.189    14   17 c  0   2.01 180.88496 -43.65484  6560.17  4647.00 2.93 2.68   3.6 -0.398 18.75 21.18 02a58493o0880c
58493.610293  19.496  0.344    58   20 c  0   1.87 180.88496 -43.65484  6500.47  4568.47 2.75 2.59  -5.5 -0.407 18.71 21.14 02a58493o0895c
58493.618527  19.521  0.373    56   21 c  0   2.51 180.88496 -43.65484  6469.72  4683.80 2.74 2.72   3.4 -0.413 18.64 21.09 02a58493o0913c
58495.636260 -19.751  0.350   -46   16 o  0   2.22 180.88496 -43.65484  9469.03  2476.83 3.86 3.21 -79.8 -0.406 19.17 21.37 01a58495o0951o
58495.645988  23.321 10.800     2   18 o  0   2.00 180.88496 -43.65484  9487.89  2554.60 4.47 3.36 -86.9 -0.399 19.13 21.40 01a58495o0972o
58495.655669 -20.559  0.815   -22   18 o  0   2.52 180.88496 -43.65484  9434.22  2514.13 4.45 3.27 -87.7 -0.403 19.10 21.27 01a58495o0993o
58495.665369  19.352  0.455    66   30 o  0   1.65 180.88496 -43.65484  9407.81  2668.60 4.64 3.35 -84.6 -0.397 18.51 20.02 01a58495o1014o
58497.608562  21.152  1.485    13   19 o  0   1.31 180.88496 -43.65484  1940.14  6576.05 2.28 2.09 -34.3 -0.433 19.41 20.86 02a58497o0893o
58497.614053  19.744  0.383    46   18 o  0   1.67 180.88496 -43.65484  1897.97  6540.06 2.10 2.02   0.2 -0.463 19.46 20.94 02a58497o0905o
58497.615893  22.403  4.286     4   17 o  0   1.60 180.88496 -43.65484  1954.21  6614.75 2.14 2.04 -24.9 -0.447 19.47 20.95 02a58497o0909o
58497.625954  22.345  3.282     4   14 o  0   3.31 180.88496 -43.65484  1878.87  6655.37 2.07 1.97 -14.1 -0.457 19.49 20.93 02a58497o0931o
58499.563043  20.910  1.264    16   20 o  0   2.08 180.88496 -43.65484  7818.26   254.76 3.84 3.28  82.9 -0.427 19.12 21.03 01a58499o0782o
58499.570899 -20.369  0.807   -26   21 o  0   2.04 180.88496 -43.65484  7779.22   189.23 3.77 3.57  88.5 -0.407 19.11 21.10 01a58499o0799o
58499.578746  20.704  1.016    19   19 o  0   2.28 180.88496 -43.65484  7826.08   238.64 3.82 3.52  79.6 -0.414 19.10 21.10 01a58499o0816o
58499.586601   0.000 20.817    -0   17 o  0   2.24 180.88496 -43.65484  7845.83    91.84 3.88 3.50  79.1 -0.409 19.11 21.08 01a58499o0833o
58501.597639 -15.944  0.458 -1522  698 o  0   1.29 180.88496 -43.65484  6464.83  8558.52 2.15 2.01 -15.6 -0.465 15.84 17.74 02a58501o0512o
58503.578434 -18.784  0.480  -111   53 o  0   1.63 180.88496 -43.65484   577.33  5958.84 3.34 3.08 -81.9 -0.415 18.09 19.09 01a58503o0816o
58503.590112  18.596  0.347   132   46 o  0   1.48 180.88496 -43.65484 10197.42  4383.47 4.25 3.36 -88.3 -0.428 18.00 19.18 01a58503o0841o
58503.599071 -19.448  0.783   -60   47 o  0   2.18 180.88496 -43.65484   609.59  5920.27 3.35 3.00 -86.5 -0.428 18.05 19.18 01a58503o0857o
58503.602449  18.512  0.441   143   63 o  0   1.19 180.88496 -43.65484   810.01  4476.57 3.50 3.06  86.7 -0.431 17.97 19.16 01a58503o0864o
58503.607682  19.090  0.568    84   48 o  0   1.59 180.88496 -43.65484 10141.86  4488.60 5.19 3.64 -86.0 -0.390 18.00 19.14 01a58503o0874o
58503.609523  19.318  0.771    68   52 o  0   1.85 180.88496 -43.65484   843.73  4540.13 3.54 3.17  83.0 -0.432 18.05 19.22 01a58503o0878o
58503.622765  18.267  0.306   179   55 o  0   1.52 180.88496 -43.65484   797.91  4517.09 3.74 3.28  87.0 -0.429 18.02 19.17 01a58503o0906o
58503.625066  19.050  0.626    87   54 o  0   1.12 180.88496 -43.65484   772.16  4643.71 3.63 3.15  88.4 -0.441 18.07 19.16 01a58503o0911o
58507.551238 -20.994  2.596   -14   38 o  0   2.40 180.88496 -43.65484  6127.65  6005.48 3.56 3.10 -89.9 -0.413 18.28 19.30 01a58507o0738o
58511.547524  18.419  0.156   156   24 o  0   2.75 180.88496 -43.65484   608.05  2044.65 4.06 3.26  79.2 -0.410 18.80 20.48 01a58511o0433o
58511.553514  19.798  0.513    44   22 o  0   2.72 180.88496 -43.65484   592.79  2006.49 3.78 3.08  78.2 -0.424 18.89 20.47 01a58511o0446o
58511.561366  20.937  1.578    15   24 o  0   2.05 180.88496 -43.65484   650.69  2087.27 4.23 3.44  76.9 -0.396 18.74 20.46 01a58511o0463o
58511.563668 -21.623  3.550    -8   29 o  0   1.53 180.88496 -43.65484  9658.26  1948.68 4.93 3.48  89.2 -0.410 18.78 20.38 01a58511o0468o
58511.567814  19.498  0.449    58   26 o  0   1.63 180.88496 -43.65484   676.87  1972.05 4.10 3.33  77.8 -0.411 18.74 20.45 01a58511o0477o
58511.570580  18.770  0.268   113   30 o  0   1.97 180.88496 -43.65484  9643.38  1910.70 4.78 3.62 -87.5 -0.390 18.73 20.37 01a58511o0483o
58511.577516 -20.651  1.500   -20   30 o  0   1.43 180.88496 -43.65484  9700.15  1985.86 5.07 3.67  89.6 -0.392 18.72 20.41 01a58511o0498o
58511.578435 -19.483  0.507   -58   30 o  0   1.51 180.88496 -43.65484  9713.77  1868.15 4.91 3.72  88.5 -0.392 18.76 20.42 01a58511o0500o
58519.568682  22.743  5.000     3   14 o  0   2.88 180.88496 -43.65484  5309.12  2672.53 3.54 3.25  83.6 -0.424 19.03 21.18 01a58519o0791o
58519.576509 -20.381  0.582   -26   15 o  0   4.37 180.88496 -43.65484  5323.86  2709.55 3.48 3.14 -86.1 -0.414 19.14 21.28 01a58519o0808o
58519.583415  22.080  2.727     5   15 o  0   2.67 180.88496 -43.65484  5266.46  2632.79 3.39 3.04 -83.9 -0.421 19.19 21.31 01a58519o0823o
58519.598156  20.523  0.605    22   14 o  0   4.11 180.88496 -43.65484  5254.44  2746.98 2.92 2.81 -78.0 -0.453 19.31 21.31 01a58519o0855o
58523.537793  20.646  1.227    20   25 o  0   1.99 180.88496 -43.65484  8228.48 10425.88 5.26 4.01 -74.1 -0.331 19.14 21.11 01a58523o0582o
58523.538255 -20.063  0.759   -34   26 o  0   1.76 180.88496 -43.65484  8104.05   704.83 3.61 3.25  81.4 -0.429 18.27 20.41 01a58523o0583o
58523.551149  19.286  0.309    70   22 o  0   2.75 180.88496 -43.65484  8245.32 10463.43 5.32 3.86 -76.2 -0.339 19.21 21.14 01a58523o0611o
58523.552070 -23.073  8.000    -2   17 o  0   2.15 180.88496 -43.65484  8117.46   741.51 3.55 3.02  85.6 -0.435 18.78 20.75 01a58523o0613o
58523.559889  15.361  0.007  2605   18 o  0 742.70 180.88496 -43.65484  8059.80   661.99 4.00 3.32  86.1 -0.411 18.82 20.90 01a58523o0630o
58523.560347  20.253  0.724    29   21 o  0   2.87 180.88496 -43.65484  8202.90 10381.93 4.81 3.57 -78.2 -0.377 19.25 21.13 01a58523o0631o
58523.565866 -18.397  0.186  -159   30 o  0   8.63 180.88496 -43.65484  8177.10 10500.72 5.45 4.20 -76.7 -0.324 19.10 21.13 01a58523o0643o
58523.567249  20.446  0.822    24   20 o  0   2.10 180.88496 -43.65484  8047.32   779.34 4.08 3.34  89.9 -0.412 18.84 20.96 01a58523o0646o
58527.529459  21.590  2.250     8   19 o  0   2.86 180.88496 -43.65484  7084.40  3998.43 4.15 3.19  89.4 -0.401 19.06 20.96 01a58527o0676o
58527.540251 -20.936  1.150   -15   18 o  0   3.22 180.88496 -43.65484  3510.51  6630.87 3.48 3.06 -85.9 -0.436 19.14 21.07 01a58527o0699o
58527.550313  20.338  0.707    27   19 o  0   3.21 180.88496 -43.65484  3453.07  6554.80 4.14 3.43 -86.2 -0.406 18.97 21.06 01a58527o0720o
58531.547748  20.471  2.203    24   52 o  0   1.77 180.88496 -43.65484  4718.77  8490.40 4.28 3.54 -82.7 -0.393 18.27 19.44 01a58531o0734o
58531.558807  20.114  1.404    33   46 o  0   1.84 180.88496 -43.65484  4734.98  8526.60 3.74 3.34 -82.4 -0.414 18.32 19.41 01a58531o0758o
58531.568019  21.119  4.053    13   52 o  0   1.90 180.88496 -43.65484  4677.25  8449.26 4.25 3.57 -83.4 -0.400 18.28 19.39 01a58531o0778o
58531.574463  20.580  2.517    21   54 o  0   1.75 180.88496 -43.65484  4665.47  8566.36 4.26 3.81 -80.8 -0.392 18.20 19.38 01a58531o0792o
58539.525020  20.924  1.297    16   20 o  0   2.19 180.88496 -43.65484  6452.39   706.95 3.16 3.11   3.8 -0.432 18.66 20.01 01a58539o0663o
58539.526864 -19.870  0.698   -41   29 o  0   2.43 180.88496 -43.65484  6636.70 10413.54 4.79 4.22 -80.9 -0.359 18.63 20.18 01a58539o0667o
58539.533779  19.566  0.456    54   25 o  0   2.27 180.88496 -43.65484  6481.40   744.56 3.74 3.60  80.3 -0.415 18.54 19.99 01a58539o0682o
58539.535620  19.382  0.470    64   30 o  0   1.51 180.88496 -43.65484  6667.35 10451.87 4.53 3.96 -75.6 -0.370 18.75 20.15 01a58539o0686o
58539.542533 -19.891  0.636   -40   26 o  0   1.54 180.88496 -43.65484  6423.77   666.09 3.40 3.36   0.4 -0.424 18.56 19.97 01a58539o0701o
58539.544379 -19.727  0.636   -47   30 o  0   1.92 180.88496 -43.65484  6609.33 10372.84 4.35 3.82 -79.6 -0.388 18.75 20.12 01a58539o0705o
58539.551291  20.920  1.697    16   26 o  0   1.28 180.88496 -43.65484  6397.40   783.63 3.22 3.12  43.0 -0.443 18.56 19.94 01a58539o0720o
58539.553132 -20.405  1.475   -25   37 o  0   1.25 180.88496 -43.65484  6583.71 10490.37 4.68 4.07 -78.9 -0.377 18.65 20.09 01a58539o0724o
58543.486089 -22.394  4.250    -4   17 o  0   2.17 180.88496 -43.65484  6520.47  4592.45 3.07 2.94  87.5 -0.436 19.06 20.74 01a58543o0576o
58543.499904 -21.367  1.644   -10   17 o  0   2.37 180.88496 -43.65484  6549.85  4629.19 3.17 3.07  87.9 -0.426 19.10 20.84 01a58543o0606o
58543.509111 -22.548  4.294    -4   15 o  0   2.67 180.88496 -43.65484  6493.67  4550.14 2.99 2.96 -17.6 -0.433 19.16 20.88 01a58543o0626o
58543.513708  21.091  1.357    13   18 o  0   1.61 180.88496 -43.65484  6467.24  4666.70 3.27 3.25  40.7 -0.412 19.10 20.84 01a58543o0636o
58547.499839  19.968  1.093    37   41 o  0   1.91 180.88496 -43.65484  1978.64  6649.56 3.29 3.21  74.7 -0.446 18.34 20.15 01a58547o0624o
58547.508235  18.845  0.300   105   32 o  0   2.47 180.88496 -43.65484  1988.80  6688.59 3.29 3.13 -85.8 -0.454 18.36 20.10 01a58547o0641o
58547.510079  19.936  1.411    38   54 o  0   1.91 180.88496 -43.65484  1931.80  6613.53 3.10 3.06  85.0 -0.455 17.89 19.64 01a58547o0645o
58547.513304  18.595  2.000   132  265 o  0   1.55 180.88496 -43.65484  1922.49  6730.21 3.32 3.25  34.1 -0.441 16.50 18.30 01a58547o0652o
58551.491547 -21.539  2.656    -9   23 o  0   4.20 180.88496 -43.65484  6590.87  8461.26 3.15 3.02 -70.9 -0.433 18.93 20.54 01a58551o0604o
58551.501253 -20.511  1.422   -23   32 o  0   1.77 180.88496 -43.65484  6620.42  8498.79 3.31 3.09 -63.3 -0.434 18.15 19.76 01a58551o0625o
58551.520609  17.850  0.415   263  109 o  0   4.00 180.88496 -43.65484  6538.08  8536.31 3.33 3.18 -60.8 -0.432 17.44 19.08 01a58551o0667o
58555.500579 -19.840  0.753   -42   32 o  0   2.14 180.88496 -43.65484  1722.94  2786.54 3.22 3.14 -85.5 -0.431 18.08 19.84 01a58555o0620o
58555.510290 -16.521  0.609  -895  545 o  0   1.70 180.88496 -43.65484  1737.93  2824.02 3.08 3.04 -80.2 -0.438 15.05 16.87 01a58555o0641o
58555.520014  18.874  1.049   102  108 o  0   2.30 180.88496 -43.65484  1680.18  2747.87 3.43 3.36  70.8 -0.416 17.01 18.81 01a58555o0662o
58555.529720  19.335  0.489    67   33 o  0   1.72 180.88496 -43.65484  1669.46  2863.94 3.25 3.17  86.5 -0.421 18.17 19.89 01a58555o0683o
58559.461242  22.587  8.615     3   29 o  0   2.72 180.88496 -43.65484  5395.89  6539.66 3.41 3.38  22.3 -0.412 18.47 19.72 01a58559o0487o
58559.472757 -23.094 16.875    -2   36 o  0   2.25 180.88496 -43.65484  5368.86  6500.25 3.46 3.39  77.3 -0.411 18.50 19.72 01a58559o0512o
58559.473677 -20.129  1.000   -32   32 o  0   2.05 180.88496 -43.65484  5426.46  6576.59 3.43 3.25  -5.1 -0.402 18.52 19.72 01a58559o0514o
58559.484268  19.186  0.479    77   37 o  0   1.55 180.88496 -43.65484  5344.42  6614.96 3.29 3.20  -9.4 -0.413 18.55 19.69 01a58559o0537o
58565.504073 -19.112  0.425   -82   35 o  0   1.27 180.88496 -43.65484  3271.73  3998.08 2.40 2.08  52.8 -0.436 18.40 18.74 02a58565o0625o
58565.512034 -18.652  0.293  -126   37 o  0   1.38 180.88496 -43.65484  3244.10  3958.98 2.39 2.08  55.1 -0.437 18.38 18.70 02a58565o0642o
58565.520337 -20.278  1.136   -28   32 o  0   2.70 180.88496 -43.65484  3314.02  4037.66 2.56 2.00  50.2 -0.428 18.38 18.66 02a58565o0660o
58567.429052 -17.797  0.295  -276   81 o  0   2.03 180.88496 -43.65484  9241.82  6541.69 3.07 3.03 -33.3 -0.456 18.48 19.80 01a58567o0463o
58567.436891 -18.280  9.279  -177 1642 o  0   1.02 180.88496 -43.65484  9255.72  6579.47 3.25 2.92 -88.7 -0.567 14.94 15.49 01a58567o0480o
58567.444735  14.992  0.960  3659 3512 o  0   1.32 180.88496 -43.65484  9198.06  6500.73 3.06 2.83 -88.4 -0.477 14.02 14.51 01a58567o0497o
58567.452112  17.094  0.946   528  500 o  0   0.92 180.88496 -43.65484  9186.45  6615.75 3.09 2.98   8.6 -0.465 16.43 17.15 01a58567o0513o
58567.454416 -17.295  2.845  -438 1247 o  0   1.61 180.88496 -43.65484    69.36  6803.10 2.75 2.64 -73.8 -0.439 14.93 15.64 01a58567o0518o
58567.456258  18.779 15.856   112 1773 o  0   0.06 180.88496 -43.65484    40.08  6766.31 2.84 2.60 -86.0 -0.452 16.71 17.76 01a58567o0522o
58571.438045  19.255  0.243    72   18 o  0   3.03 180.88496 -43.65484  8070.22  8466.41 3.14 3.09 -87.9 -0.426 19.06 20.65 01a58571o0406o
58571.446354  19.379  0.314    64   20 o  0   3.05 180.88496 -43.65484  8085.80  8505.00 3.52 3.16 -86.7 -0.415 19.02 20.62 01a58571o0424o
58571.455115  20.946  1.517    15   23 o  0   2.14 180.88496 -43.65484  8028.17  8425.94 3.44 3.22 -86.4 -0.424 18.99 20.57 01a58571o0443o
58571.462943 -22.320  5.125    -4   22 o  0   2.30 180.88496 -43.65484  8017.19  8541.37 3.54 3.34  81.8 -0.406 18.97 20.58 01a58571o0460o
58573.410380  18.827  0.391   107   42 c  0   2.95 180.88496 -43.65484  2436.53    80.29 2.89 2.41 -80.3 -0.382 18.88 21.02 02a58573o0412c
58573.418207 -23.168 181.200    -2  356 c  0   0.01 180.88496 -43.65484  2421.84    44.37 2.92 2.49 -68.2 -0.377 18.63 20.70 02a58573o0429c
58573.426022  19.503  1.711    57   98 c  0   2.22 180.88496 -43.65484  2465.67   125.37 2.83 2.42 -72.2 -0.386 17.49 19.50 02a58573o0446c
58575.443923  20.294  0.881    28   24 o  0   3.26 180.88496 -43.65484  2822.91  8558.38 3.49 3.40 -80.2 -0.411 18.74 20.26 01a58575o0490o
58575.452678  23.052 10.700     2   23 o  0   3.09 180.88496 -43.65484  2852.68  8595.11 3.07 2.99 -65.1 -0.440 18.93 20.28 01a58575o0509o
58575.461445 -19.397  0.337   -63   21 o  0   2.89 180.88496 -43.65484  2795.77  8518.33 3.21 3.14 -29.1 -0.429 18.94 20.42 01a58575o0528o
58575.470211 -20.045  0.655   -35   23 o  0   2.11 180.88496 -43.65484  2770.15  8634.07 3.26 3.17 -54.2 -0.425 18.92 20.27 01a58575o0547o
58577.437121  20.478  0.610    23   14 c  0   3.30 180.88496 -43.65484  7089.09  4007.22 2.95 2.57  50.1 -0.376 19.32 21.20 02a58577o0467c
58577.442155  19.425  0.254    62   16 c  0   2.26 180.88496 -43.65484  7076.85  3970.11 2.78 2.57  61.5 -0.382 19.34 21.21 02a58577o0478c
58577.451814  19.986  0.430    37   16 c  0   1.90 180.88496 -43.65484  7133.83  4047.44 2.99 2.79 -66.8 -0.385 19.24 21.16 02a58577o0499c
58577.466906  20.447  0.610    24   15 c  0   3.18 180.88496 -43.65484  7151.71  3932.20 2.70 2.51 -83.0 -0.386 19.32 21.15 02a58577o0532c
58579.409388  20.689  1.081    19   21 o  0   1.84 180.88496 -43.65484  8078.01  4592.62 3.40 3.36   2.4 -0.416 18.99 20.62 01a58579o0377o
58579.417745  17.757  0.089   286   25 o  0   6.19 180.88496 -43.65484  8093.61  4630.50 4.61 4.34 -22.5 -0.374 18.68 20.57 01a58579o0395o
58579.425577  19.895  0.477    40   19 o  0   4.32 180.88496 -43.65484  8035.41  4551.88 3.44 3.34  10.0 -0.412 18.99 20.64 01a58579o0412o
58579.433888  20.154  0.690    32   22 o  0   1.44 180.88496 -43.65484  8023.51  4666.47 3.54 3.46  31.7 -0.412 18.90 20.54 01a58579o0430o
58581.436747  23.358  9.100     2   15 c  0   1.56 180.88496 -43.65484  5904.31  2081.36 2.65 2.46  78.4 -0.386 19.37 21.12 02a58581o0456c
58581.445505  20.742  0.881    18   16 c  0   1.18 180.88496 -43.65484  5892.60  2043.25 2.72 2.41 -64.2 -0.394 19.36 21.09 02a58581o0475c
58581.454369  19.837  0.412    42   17 c  0   1.08 180.88496 -43.65484  5949.69  2120.87 2.76 2.48 -65.3 -0.390 19.31 21.05 02a58581o0494c
58581.464060  21.871  2.351     6   15 c  0   1.68 180.88496 -43.65484  5965.07  2004.65 2.75 2.44 -63.4 -0.384 19.31 21.04 02a58581o0515c
58583.425824  20.055  0.540    34   19 o  0   2.63 180.88496 -43.65484  4774.74 10444.46 3.20 3.01 -60.1 -0.441 18.99 20.42 01a58583o0314o
58583.427694 -20.754  1.275   -18   23 o  0   1.54 180.88496 -43.65484  4421.97   746.06 3.66 3.08 -15.1 -0.392 18.86 20.24 01a58583o0318o
58583.435114  21.705  3.050     8   23 o  0   2.39 180.88496 -43.65484  4789.76 10481.66 4.11 3.89 -63.7 -0.419 18.81 20.37 01a58583o0334o
58583.436958  21.250  2.133    12   24 o  0   1.48 180.88496 -43.65484  4450.33   783.67 3.45 3.09 -12.9 -0.417 18.77 20.22 01a58583o0338o
58583.444867 -21.093  1.909   -13   25 o  0   1.32 180.88496 -43.65484  4732.56 10404.25 3.26 3.07 -63.3 -0.446 18.93 20.35 01a58583o0355o
58583.446716 -20.718  1.222   -19   23 o  0   2.40 180.88496 -43.65484  4393.03   705.90 3.74 3.39 -13.1 -0.395 18.64 20.20 01a58583o0359o
58583.454111 -18.529  5.227  -141  735 o  0   0.00 180.88496 -43.65484  4720.59 10521.45 3.44 3.25 -67.3 -0.435 18.85 20.33 01a58583o0375o
58583.455953  22.799  8.000     3   22 o  0   1.91 180.88496 -43.65484  4367.17   823.54 3.55 3.26 -14.8 -0.403 18.67 20.19 01a58583o0379o
58589.387197  19.186  0.580    77   44 o  0   1.49 180.88496 -43.65484  4031.81   118.35 2.52 2.11 -49.9 -0.434 18.18 18.86 02a58589o0318o
58589.395046  20.360  3.237    26   84 o  0   0.95 180.88496 -43.65484  4004.41    78.29 2.70 2.24 -49.4 -0.424 18.17 18.86 02a58589o0335o
58589.402990  20.047  1.293    35   45 o  0   1.68 180.88496 -43.65484  4061.23   158.93 2.66 2.12 -47.2 -0.429 18.28 18.88 02a58589o0352o
58589.410366 -21.132  5.273   -13   68 o  0   1.03 180.88496 -43.65484  4089.11    41.75 2.79 2.15 -47.4 -0.411 18.27 18.89 02a58589o0368o
58597.366219 -21.508  3.219    -9   29 o  0   2.03 180.88496 -43.65484  8608.86  3973.24 2.34 2.05 -73.2 -0.436 18.61 20.73 02a58597o0310o
58597.373120  20.141  0.874    32   28 o  0   3.09 180.88496 -43.65484  8595.33  3936.99 2.39 2.21 -83.6 -0.431 18.68 20.69 02a58597o0325o
58597.380005 -21.875  4.292    -6   28 o  0   1.46 180.88496 -43.65484  8652.36  4012.97 2.42 2.20 -72.8 -0.421 18.69 20.60 02a58597o0340o
58597.387692 -21.493  3.243    -9   30 o  0   2.33 180.88496 -43.65484  8665.39  3896.66 2.32 2.22  72.7 -0.429 18.66 20.39 02a58597o0356o
58599.391024 -20.259  0.655   -29   19 o  0   5.72 180.88496 -43.65484  2899.51 10508.58 3.03 2.86 -55.9 -0.439 19.23 21.04 01a58599o0362o
58599.392890 -19.366  0.294   -65   19 o  0   4.43 180.88496 -43.65484  2408.69   808.86 3.85 3.49 -16.5 -0.361 19.08 20.95 01a58599o0366o
58599.401216  20.843  1.139    17   19 o  0   1.63 180.88496 -43.65484  2424.71   847.20 3.27 3.05  -1.2 -0.404 19.20 20.99 01a58599o0384o
58599.407276 -22.335  4.524    -4   19 o  0   2.40 180.88496 -43.65484  2872.76 10469.17 2.97 2.80 -59.2 -0.459 19.27 20.99 01a58599o0397o
58599.409121  21.958  3.034     6   18 o  0   2.21 180.88496 -43.65484  2365.50   770.45 3.15 2.81  -6.2 -0.408 19.18 20.86 01a58599o0401o
58599.417423  21.537  2.105     9   19 o  0   1.99 180.88496 -43.65484  2338.99   887.23 3.40 2.95 -12.1 -0.395 19.21 20.79 01a58599o0419o
58605.395277  20.634  0.855    20   17 c  0   2.22 180.88496 -43.65484  8778.66  7847.17 3.20 2.78  50.4 -0.372 19.09 21.04 02a58605o0335c
58605.404147  20.374  0.657    26   17 c  0   2.22 180.88496 -43.65484  8765.79  7809.25 3.04 2.69  51.8 -0.379 19.11 21.01 02a58605o0354c
58609.352299  19.347  0.416    66   28 c  0   1.35 180.88496 -43.65484  5198.90  4021.31 3.08 2.82 -87.2 -0.396 18.62 20.66 02a58609o0157c
58611.315016 -19.381  0.471   -64   30 o  0   1.55 180.88496 -43.65484   440.72   509.67 3.84 3.02 -15.8 -0.423 18.72 20.37 01a58611o0177o
58611.316931  20.503  1.534    23   35 o  0   1.33 180.88496 -43.65484   462.28   547.75 3.77 3.00 -16.7 -0.426 18.75 20.36 01a58611o0181o
58611.322577  20.817  1.727    17   30 o  0   1.67 180.88496 -43.65484   397.99   471.83 3.79 3.19 -14.7 -0.402 18.74 20.30 01a58611o0193o
58611.339789 -19.762  0.719   -45   32 o  0   1.58 180.88496 -43.65484   379.56   589.08 3.65 3.13 -15.0 -0.411 18.85 20.30 01a58611o0229o
58613.310981 -22.755  7.714    -3   22 o  0   2.66 180.88496 -43.65484 10026.20 10155.94 2.36 2.33 -32.3 -0.427 19.08 19.95 02a58613o0173o
58613.313793  20.331  0.728    27   20 o  0   2.74 180.88496 -43.65484 10005.52 10118.02 2.39 2.28 -42.4 -0.438 19.03 19.97 02a58613o0179o
58613.320270  19.826  0.439    43   19 o  0   4.01 180.88496 -43.65484 10068.50 10195.68 2.79 2.41 -54.0 -0.402 19.09 19.97 02a58613o0193o
58619.300596 -17.564  0.189  -342   65 o  0   1.13 180.88496 -43.65484   693.23  2457.13 3.47 2.82 -16.9 -0.398 17.95 18.72 01a58619o0146o
58619.303883 -17.153  0.131  -500   66 o  0   1.05 180.88496 -43.65484   714.11  2494.50 3.36 2.78 -17.7 -0.408 17.99 18.76 01a58619o0153o
58619.310988 -18.225  0.312  -186   58 o  0   1.63 180.88496 -43.65484   651.88  2419.40 3.40 2.84 -16.5 -0.402 17.99 18.78 01a58619o0168o
58619.321759 -18.524  0.446  -141   63 o  0   1.33 180.88496 -43.65484   634.34  2536.11 3.39 2.87 -18.9 -0.405 18.04 18.78 01a58619o0191o
58621.327734  20.607  2.367    21   49 o  0   1.39 180.88496 -43.65484  9412.72  4341.17 2.52 2.30  49.9 -0.394 18.02 18.22 02a58621o0204o
58621.330530 -20.118  1.377   -33   45 o  0   1.48 180.88496 -43.65484  9393.26  4303.04 2.50 2.24  48.8 -0.399 17.98 18.21 02a58621o0210o
58621.338201 -20.317  1.750   -27   48 o  0   0.91 180.88496 -43.65484  9451.90  4378.90 2.34 2.20  62.5 -0.403 18.03 18.20 02a58621o0226o
58621.347927  19.941  1.016    38   39 o  0   1.92 180.88496 -43.65484  9472.07  4262.84 2.33 2.16  63.5 -0.419 18.00 18.17 02a58621o0246o
58623.336034 -17.168  0.117  -493   58 o  0   1.16 180.88496 -43.65484   691.34  2449.50 3.24 2.85 -18.6 -0.421 18.19 19.01 01a58623o0221o
58623.338872 -17.098  0.110  -526   58 o  0   1.01 180.88496 -43.65484   712.18  2487.07 3.02 2.74 -21.0 -0.449 18.22 19.00 01a58623o0227o
58623.346267 -17.370  0.129  -409   53 o  0   1.55 180.88496 -43.65484   650.21  2411.16 3.39 2.95 -20.2 -0.402 18.11 18.98 01a58623o0243o
58623.356021 -17.545  0.140  -348   49 o  0   1.59 180.88496 -43.65484   632.20  2528.43 3.51 3.06 -24.9 -0.398 18.08 18.93 01a58623o0264o
58625.314102 -23.046  8.182    -2   18 o  0   2.79 180.88496 -43.65484  9411.57  4342.00 2.94 2.76  46.6 -0.410 19.18 20.63 02a58625o0163o
58625.317988  20.729  0.921    18   17 o  0   8.35 180.88496 -43.65484  9393.69  4300.24 2.64 2.51  66.9 -0.409 19.25 20.63 02a58625o0171o
58625.323287  20.206  0.727    30   22 o  0   1.36 180.88496 -43.65484  9451.52  4376.45 2.64 2.53  80.5 -0.411 19.21 20.51 02a58625o0182o
58625.334519 -20.623  0.925   -20   19 o  0   2.25 180.88496 -43.65484  9471.02  4262.81 2.50 2.27  53.1 -0.409 19.08 20.06 02a58625o0206o
58627.242648  20.848  1.846    17   31 o  0   1.76 180.88496 -43.65484  4895.70  1988.47 4.20 3.31 -14.8 -0.415 18.59 19.75 01a58627o0033o
58627.260044 -19.747  0.432   -46   20 o  0   2.00 180.88496 -43.65484  5716.85  8616.58 3.17 3.00 -25.0 -0.394 19.12 20.83 01a58627o0070o
58627.263497 -20.029  0.533   -35   19 o  0   2.67 180.88496 -43.65484  4935.65  2024.96 4.23 3.41 -13.8 -0.406 19.08 20.77 01a58627o0077o
58627.271110 -21.106  1.354   -13   18 o  0   2.27 180.88496 -43.65484  5643.04  8654.81 3.02 2.86 -22.5 -0.414 19.15 20.87 01a58627o0093o
58631.276119  19.470  0.389    59   23 o  0   1.79 180.88496 -43.65484  5643.05  8651.18 2.95 2.88 -46.5 -0.456 19.13 20.70 01a58631o0029o
58633.272862  19.552  0.238    55   13 c  0   3.31 180.88496 -43.65484  7801.46  8351.01 3.00 2.45  42.8 -0.388 19.33 20.96 02a58633o0095c
58633.276146 -21.898  1.973    -6   12 c  0   3.01 180.88496 -43.65484  7781.86  8312.05 2.94 2.42  43.0 -0.388 19.36 20.99 02a58633o0102c
58633.281695  20.282  0.513    28   14 c  0   3.01 180.88496 -43.65484  7842.06  8391.49 3.03 2.41  41.9 -0.388 19.37 21.01 02a58633o0114c
58633.291446   0.000 20.987     0   15 c  0   2.42 180.88496 -43.65484  7862.88  8273.38 3.01 2.40  43.7 -0.386 19.38 21.04 02a58633o0135c
58635.251147  20.336  1.038    27   28 o  0   1.94 180.88496 -43.65484  4687.26  2104.44 4.68 3.89 -21.3 -0.380 18.59 20.12 01a58635o0046o
58635.253939 -20.178  0.868   -31   27 o  0   1.73 180.88496 -43.65484  4707.59  2142.14 4.58 3.73 -12.9 -0.390 18.73 20.31 01a58635o0052o
58635.259472  19.889  0.637    40   26 o  0   1.46 180.88496 -43.65484  4646.58  2065.39 4.13 3.40 -12.5 -0.407 18.93 20.47 01a58635o0064o
58635.269177 -19.896  0.585   -40   23 o  0   1.74 180.88496 -43.65484  4626.11  2181.73 4.19 3.37 -13.8 -0.412 19.07 20.60 01a58635o0085o
58637.255001  21.171  1.286    12   16 c  0   2.27 180.88496 -43.65484  2699.03  6401.15 2.61 2.38  40.4 -0.384 19.11 20.36 02a58637o0049c
58637.258711 -21.393  1.565   -10   16 c  0   2.43 180.88496 -43.65484  2677.46  6360.37 2.93 2.41  39.5 -0.364 19.27 20.77 02a58637o0057c
58637.263936  21.729  1.907     7   14 c  0   3.18 180.88496 -43.65484  2735.42  6438.87 2.85 2.49  42.8 -0.402 19.33 21.02 02a58637o0068c
58637.276789  23.005  6.533     2   15 c  0   1.66 180.88496 -43.65484  2753.74  6326.05 2.69 2.37  43.3 -0.384 19.43 21.16 02a58637o0095c
58641.248151 -19.760  1.129   -45   51 c  0   0.97 180.88496 -43.65484  2698.00  6397.59 3.09 2.36  40.2 -0.345 17.89 18.81 02a58641o0033c
58641.251379  20.519  1.090    22   24 c  0   2.00 180.88496 -43.65484  2679.56  6361.26 2.68 2.31  44.0 -0.366 18.50 19.46 02a58641o0040c
58641.256915 -22.964  7.400    -2   18 c  0   1.40 180.88496 -43.65484  2737.30  6438.31 2.82 2.39  42.2 -0.361 19.01 20.25 02a58641o0052c
58641.272014  20.301  0.590    28   16 c  0   1.80 180.88496 -43.65484  2756.77  6323.28 2.97 2.37  43.4 -0.350 19.16 20.66 02a58641o0084c
58643.251827 -21.123 51.250   -13  661 o  0   1.60 180.88496 -43.65484  3094.27  6119.58 4.17 3.74 -20.5 -0.337 15.43 16.43 01a58643o0043o
58643.254591  18.447  0.595   152   90 o  0   1.30 180.88496 -43.65484  3114.47  6156.57 3.69 3.23 -17.0 -0.390 17.31 18.37 01a58643o0049o
58643.259664 -20.213  0.812   -30   24 o  0   1.50 180.88496 -43.65484  3055.29  6080.55 3.56 3.10 -17.9 -0.396 18.80 20.08 01a58643o0060o
58643.273032 -21.877  3.833    -6   25 o  0   1.66 180.88496 -43.65484  3036.08  6196.02 3.17 2.80 -18.8 -0.430 18.94 20.16 01a58643o0088o
58645.245927  20.074  2.057    34   70 o  0   1.51 180.88496 -43.65484  4632.56  6296.83 2.99 1.98  40.8 -0.407 17.48 17.45 02a58645o0029o
58645.254157 -19.518  0.599   -57   34 o  0   1.89 180.88496 -43.65484  4691.40  6373.54 2.78 1.95  42.6 -0.419 18.53 18.91 02a58645o0047o
58645.265358  23.226 14.571     2   27 o  0   2.21 180.88496 -43.65484  4710.81  6257.98 2.57 2.03  47.0 -0.427 18.74 19.34 02a58645o0071o
58647.266481  19.725  1.013    47   47 o  0   1.96 180.88496 -43.65484  3089.32  6119.02 3.06 2.80 -14.3 -0.442 18.32 19.09 01a58647o0079o
58647.269249  20.513  2.063    23   47 o  0   1.53 180.88496 -43.65484  3109.83  6156.43 3.30 3.09 -16.1 -0.415 18.17 19.08 01a58647o0085o
58647.275321 -20.671  2.056   -20   40 o  0   1.82 180.88496 -43.65484  3050.59  6079.91 3.11 2.95 -14.8 -0.448 18.18 19.04 01a58647o0098o
58647.286344  21.767  7.516     7   54 o  0   1.61 180.88496 -43.65484  3034.54  6196.89 3.26 2.98 -19.3 -0.414 18.13 18.95 01a58647o0120o
58649.248880  18.430  0.504   154   78 o  0   1.35 180.88496 -43.65484  4656.47  6335.38 3.19 2.01  40.7 -0.382 17.55 17.56 02a58649o0035o
58649.253921 -20.329  1.784   -27   48 o  0   1.19 180.88496 -43.65484  4637.53  6297.12 3.09 1.95  41.7 -0.377 18.14 18.30 02a58649o0046o
58649.256725 -19.686  0.874   -48   42 o  0   1.23 180.88496 -43.65484  4696.27  6375.68 3.17 1.99  42.0 -0.368 18.22 18.51 02a58649o0052o
58649.268232 -21.779  4.340    -7   31 o  0   2.12 180.88496 -43.65484  4716.48  6258.18 3.13 1.97  42.2 -0.371 18.32 18.69 02a58649o0077o
58651.247165  21.568 15.704     9  134 o  0   1.25 180.88496 -43.65484  6932.08  5841.75 4.09 3.48  -1.3 -0.347 17.26 18.03 01a58651o0015o
58651.249956  20.293  3.725    28  103 o  0   1.51 180.88496 -43.65484  6952.81  5880.10 4.07 3.39   0.7 -0.351 17.51 18.33 01a58651o0021o
58651.255092 -21.385  9.154   -10   93 o  0   1.09 180.88496 -43.65484  6893.24  5803.04 3.62 3.11  -0.4 -0.387 17.79 18.52 01a58651o0032o
58651.268045  19.205  1.039    76   78 o  0   1.60 180.88496 -43.65484  6876.02  5919.47 3.48 3.00  -1.7 -0.396 17.77 18.51 01a58651o0060o
58655.245091  21.027  4.851    14   68 o  0   1.41 180.88496 -43.65484  6946.48  5881.21 3.82 3.40   4.6 -0.362 17.82 18.71 01a58655o0029o
58655.250660  20.620  2.208    20   45 o  0   1.31 180.88496 -43.65484  6887.19  5804.03 3.82 3.30  -6.2 -0.354 17.95 19.22 01a58655o0041o
58657.247171  19.151  0.934    79   74 o  0   1.18 180.88496 -43.65484  5812.63   228.58 2.42 1.94  59.6 -0.423 17.16 17.30 02a58657o0004o
58657.250395  19.337  0.953    67   64 o  0   1.16 180.88496 -43.65484  5794.18   189.68 2.41 2.01  61.7 -0.439 17.59 17.93 02a58657o0011o
58657.255926  20.527  2.412    22   54 o  0   2.04 180.88496 -43.65484  5846.79   267.51 2.36 2.01  62.5 -0.397 17.96 18.66 02a58657o0023o
58657.266666  19.970  0.778    37   29 o  0   1.76 180.88496 -43.65484  5865.30   151.92 2.27 1.97  70.3 -0.428 18.77 19.75 02a58657o0046o
58659.241894  19.070  1.295    86  111 o  0   1.13 180.88496 -43.65484  2995.35 10499.72 3.02 2.84 -56.8 -0.445 17.30 17.98 01a58659o0021o
58659.250642  19.775  0.579    45   26 o  0   2.40 180.88496 -43.65484  2959.74 10460.88 3.22 3.08 -67.4 -0.404 18.55 19.81 01a58659o0040o
58825.646338  20.245  0.673    29   20 o  0   1.58 180.88496 -43.65484  1156.84  6229.71 2.42 2.10  25.6 -0.434 19.32 20.69 02a58825o0985o
58825.649552  19.968  0.532    37   20 o  0   1.32 180.88496 -43.65484  1175.32  6267.15 2.21 2.17 -48.6 -0.429 19.27 20.58 02a58825o0992o
58825.654802  20.434  0.918    24   22 o  0   1.45 180.88496 -43.65484  1116.52  6190.70 2.25 2.19 -30.7 -0.419 18.94 20.02 02a58825o1003o
58831.642995 -17.804  0.571  -274  156 o  0   1.12 180.88496 -43.65484  4945.03  2003.53 4.97 4.64  84.3 -0.282 16.51 17.29 01a58831o0950o
58831.648163  19.563  4.105    54  223 o  0   0.87 180.88496 -43.65484  4924.53  1964.02 4.10 3.98  85.0 -0.279 16.45 17.05 01a58831o0961o
58831.658012  20.025  5.016    36  178 o  0   1.13 180.88496 -43.65484  4980.24  2042.98 3.76 3.57   4.5 -0.353 16.60 16.93 01a58831o0982o
58831.661207  17.417  0.623   392  244 o  0   1.15 180.88496 -43.65484  4998.95  1926.42 4.05 3.80  87.1 -0.299 16.39 16.73 01a58831o0988o
58837.607621 -18.975  0.372   -93   35 o  0   0.95 180.88496 -43.65484  7860.09  4144.92 2.34 2.19 -87.2 -0.410 18.43 19.76 02a58837o0905o
58837.613069 -17.661  0.765  -313  239 o  0   2.11 180.88496 -43.65484  7877.39  4185.08 2.21 2.09 -85.5 -0.415 16.75 18.50 02a58837o0916o
58837.616878  19.717  0.463    47   22 o  0   2.21 180.88496 -43.65484  7819.20  4105.53 2.14 2.02 -81.6 -0.424 18.81 19.99 02a58837o0924o
58837.632539  21.384  1.574    10   16 o  0   2.00 180.88496 -43.65484  7795.79  4219.34 2.19 1.98  37.6 -0.420 19.20 20.18 02a58837o0957o
58837.664124  19.258  0.470    72   34 o  0   1.28 180.88496 -43.65484  7832.26  4157.99 2.67 2.56  45.1 -0.396 18.30 19.16 02a58837o1023o
58839.618129  17.259  0.497   453  225 o  0   4.94 180.88496 -43.65484  5850.71  8479.28 3.66 3.40 -86.6 -0.344 16.15 17.53 01a58839o0898o
58839.620919  16.949  0.475   603  286 o  0   3.11 180.88496 -43.65484  5831.06  8441.35 3.19 2.88 -83.3 -0.369 15.90 17.14 01a58839o0904o
58839.627854  16.104  0.185  1313  242 o  0   6.39 180.88496 -43.65484  5892.95  8518.01 3.29 3.08 -87.5 -0.376 15.82 17.08 01a58839o0918o
58839.638031  15.946  0.559  1519  848 o  0   1.35 180.88496 -43.65484  5916.39  8403.85 3.08 2.83 -85.8 -0.365 14.48 15.68 01a58839o0940o
58841.637319  20.228  0.505    29   15 c  0   1.50 180.88496 -43.65484  7847.50  4146.13 2.83 2.39  33.4 -0.377 19.39 21.27 02a58841o0919c
58841.640549 -22.620  4.050    -3   13 c  0   2.08 180.88496 -43.65484  7866.11  4185.42 2.88 2.43  32.7 -0.372 19.45 21.27 02a58841o0926c
58841.661183  21.386  1.500    10   15 c  0   3.30 180.88496 -43.65484  2689.00  6433.11 2.79 2.34  37.1 -0.363 19.20 20.65 02a58841o0968c
58841.667272 -20.697  1.563   -19   30 c  0   1.19 180.88496 -43.65484  7788.45  4219.59 2.83 2.35  34.0 -0.368 18.34 19.35 02a58841o0980c
58851.558887  21.559  1.966     9   17 o  0   2.36 180.88496 -43.65484  3664.81  4695.69 2.87 2.36  84.5 -0.374 19.33 21.00 01a58851o0651o
58851.561709  20.748  0.915    18   17 o  0   3.07 180.88496 -43.65484  3646.87  4659.09 3.52 3.01  81.7 -0.326 19.11 21.00 01a58851o0657o
58851.568266 -20.837  0.864   -17   14 o  0   2.11 180.88496 -43.65484  3705.29  4738.49 3.41 2.87  81.4 -0.346 19.17 21.02 01a58851o0671o
58851.578915 -21.355  1.857   -10   19 o  0   1.61 180.88496 -43.65484  3725.90  4624.17 3.69 3.11  79.0 -0.370 19.11 21.05 01a58851o0693o
58851.672428 -20.010  2.243   -36   81 o  0   0.91 180.88496 -43.65484  6931.52  5867.49 2.77 2.33 -88.3 -0.429 17.48 17.27 01a58851o0884o
58855.553520  19.295  0.425    70   30 o  0   1.54 180.88496 -43.65484  3667.52  4700.91 3.58 3.14  85.5 -0.311 18.37 19.49 01a58855o0475o
58855.556745  25.407 120.000     0   30 o  0   1.43 180.88496 -43.65484  3649.58  4663.02 3.65 3.25  82.4 -0.309 18.39 19.53 01a58855o0482o
58855.567442  19.052  0.401    87   35 o  0   1.47 180.88496 -43.65484  3706.17  4742.35 5.05 4.50  87.2 -0.281 18.15 19.65 01a58855o0504o
58855.576661 -19.126  0.306   -81   25 o  0   1.52 180.88496 -43.65484  3724.41  4626.36 4.30 3.61  85.4 -0.260 18.51 19.90 01a58855o0523o
58867.526880 -22.931  6.765    -2   16 o  0   3.60 180.88496 -43.65484  6633.03  6247.53 2.82 2.29  85.3 -0.378 19.05 20.23 01a58867o0685o
58867.530242 -22.279  4.290    -4   19 o  0   1.26 180.88496 -43.65484  6613.60  6208.38 2.94 2.23  88.6 -0.371 19.03 20.23 01a58867o0691o
58867.537925  20.306  0.654    27   18 o  0   2.45 180.88496 -43.65484  6673.87  6285.29 3.05 2.59  89.2 -0.392 18.91 20.20 01a58867o0706o
58867.550921  19.764  0.345    45   16 o  0   3.77 180.88496 -43.65484  6693.76  6170.02 2.61 2.10 -88.3 -0.397 19.11 20.18 01a58867o0733o
58871.520861  20.902  1.196    16   19 o  0   1.92 180.88496 -43.65484  6632.69  6245.13 3.68 3.49  56.0 -0.380 18.81 20.58 01a58871o0625o
58871.528238  20.239  0.598    29   17 o  0   3.52 180.88496 -43.65484  6614.21  6207.29 3.53 2.96  83.4 -0.379 18.95 20.61 01a58871o0640o
58871.531533 -20.876  1.197   -16   19 o  0   2.70 180.88496 -43.65484  6672.05  6284.90 3.36 2.99  77.8 -0.408 18.93 20.63 01a58871o0647o
58871.542709  20.162  0.566    31   18 o  0   3.13 180.88496 -43.65484  6691.21  6169.65 3.24 2.79  81.8 -0.420 19.04 20.65 01a58871o0670o
58871.674196 -18.507  0.930  -144  134 o  0   1.11 180.88496 -43.65484  3941.56  4335.61 3.35 3.05  89.9 -0.400 16.75 17.07 01a58871o0938o
58875.511064  21.173  1.404    12   17 o  0   2.80 180.88496 -43.65484  1952.83 10109.00 3.53 2.82 -81.2 -0.337 19.10 20.78 01a58875o0588o
58875.517046  20.686  0.823    19   16 o  0   3.35 180.88496 -43.65484  1931.88 10068.75 3.35 2.69 -80.8 -0.363 19.14 20.85 01a58875o0600o
58875.520267 -22.047  2.559    -6   14 o  0   3.93 180.88496 -43.65484  1994.78 10150.58 2.91 2.39 -78.9 -0.402 19.25 20.87 01a58875o0607o
58875.532705   0.000 20.890     0   16 o  0   3.26 180.88496 -43.65484  2018.12 10035.21 2.99 2.45 -77.6 -0.397 19.27 20.91 01a58875o0633o
58883.475997  20.733  1.681    18   31 o  0   1.47 180.88496 -43.65484   753.40  6462.84 3.81 3.16 -86.1 -0.329 18.51 19.63 01a58883o0567o
58883.479220  19.184  0.401    77   31 o  0   2.39 180.88496 -43.65484   734.30  6424.86 3.41 2.79  87.1 -0.357 18.62 19.66 01a58883o0574o
58883.489695  20.388  1.045    25   26 o  0   1.86 180.88496 -43.65484   793.21  6505.04 3.27 2.69  88.4 -0.350 18.70 19.70 01a58883o0595o
58883.497657  19.957  0.667    38   25 o  0   2.34 180.88496 -43.65484   814.32  6391.51 3.54 2.94 -86.6 -0.341 18.65 19.75 01a58883o0611o
58887.472418  19.686  1.082    48   52 o  0   1.03 180.88496 -43.65484   754.87  6464.28 3.96 3.24  83.7 -0.295 17.90 18.60 01a58887o0560o
58887.475225 -19.232  0.720   -74   53 o  0   1.31 180.88496 -43.65484   734.49  6426.02 4.50 3.50  83.5 -0.235 17.85 18.62 01a58887o0566o
58887.481208  19.554  0.829    55   45 o  0   1.19 180.88496 -43.65484   793.11  6507.76 3.80 2.85  85.3 -0.301 18.08 18.66 01a58887o0579o
58887.493718  18.640  0.320   127   41 o  0   1.70 180.88496 -43.65484   813.64  6394.19 4.19 3.11  84.2 -0.278 18.00 18.70 01a58887o0605o
58891.462117 -20.446  1.657   -24   40 o  0   1.34 180.88496 -43.65484  1156.68  2111.92 2.68 2.12  79.8 -0.414 18.17 18.49 01a58891o0193o
58891.466316 -18.943  0.468   -96   45 o  0   1.46 180.88496 -43.65484  1136.95  2072.65 2.95 2.41  69.0 -0.386 18.10 18.48 01a58891o0201o
58891.472345 -24.871 130.500    -0   53 o  0   1.89 180.88496 -43.65484  1195.15  2155.36 3.25 2.70  68.9 -0.377 18.04 18.51 01a58891o0213o
58891.492081 -19.354  0.619   -66   41 o  0   1.43 180.88496 -43.65484  1209.92  2039.74 2.77 2.12  70.5 -0.416 18.22 18.57 01a58891o0254o
58895.451033 -20.790  1.137   -18   20 o  0   2.93 180.88496 -43.65484  1156.28  2111.00 3.06 2.50  81.0 -0.394 19.24 20.79 01a58895o0172o
58895.455185  20.286  0.722    28   20 o  0   2.13 180.88496 -43.65484  1137.14  2071.45 3.31 2.81  76.8 -0.393 19.15 20.78 01a58895o0180o
58895.461244 -19.915  0.453   -39   18 o  0   2.43 180.88496 -43.65484  1195.45  2153.80 3.57 2.81  80.5 -0.368 19.12 20.75 01a58895o0192o
58895.476302  21.345  1.684    10   18 o  0   2.86 180.88496 -43.65484  1210.57  2038.40 3.09 2.65  69.4 -0.404 19.19 20.60 01a58895o0223o
58903.447576 -18.023  0.114  -224   26 o  0   2.06 180.88496 -43.65484  3046.54  2067.93 4.98 4.71  79.4 -0.296 18.49 20.54 01a58903o0506o
58903.458644 -18.998  0.201   -91   18 o  0   2.85 180.88496 -43.65484  3026.65  2028.07 3.66 3.38  74.1 -0.349 18.93 20.65 01a58903o0529o
58903.469224  20.819  1.288    17   22 o  0   2.09 180.88496 -43.65484  3083.21  2107.76 3.59 3.31  70.4 -0.374 18.96 20.64 01a58903o0551o
58903.472029 -19.462  0.311   -60   18 o  0   4.22 180.88496 -43.65484  3103.08  1993.55 3.94 3.64  82.1 -0.291 18.86 20.64 01a58903o0557o
58913.447205  21.880  4.119     6   26 o  0   1.32 180.88496 -43.65484  1879.91  3959.58 2.05 1.98 -64.8 -0.447 18.89 19.46 02a58913o0422o
58913.450932 -21.282  2.120   -11   24 o  0   1.24 180.88496 -43.65484  1899.16  3998.32 2.31 2.21 -72.0 -0.428 18.75 19.47 02a58913o0430o
58915.401816 -21.232  7.225   -12   84 o  0   1.01 180.88496 -43.65484  9419.64  4333.86 3.28 2.95  12.2 -0.279 17.26 17.54 01a58915o0393o
58915.409005  16.828  0.878   674  592 o  0   0.89 180.88496 -43.65484  9400.72  4293.11 3.03 2.93  76.0 -0.334 15.37 15.38 01a58915o0407o
58915.412227 -18.021  0.907  -225  204 o  0   1.26 180.88496 -43.65484  9460.94  4369.78 2.78 2.56   0.6 -0.353 16.19 16.15 01a58915o0414o
58915.423881  15.901  0.511  1584  809 o  0   1.09 180.88496 -43.65484  9481.55  4250.85 3.18 3.00  -8.7 -0.359 14.67 14.64 01a58915o0438o
58919.429276  20.109  1.072    33   35 o  0   1.75 180.88496 -43.65484  9424.88  4326.30 2.83 2.19   1.2 -0.344 18.19 18.38 01a58919o0450o
58919.433431  20.575  1.940    21   42 o  0   1.14 180.88496 -43.65484  9405.69  4288.61 2.57 2.31   6.4 -0.363 18.23 18.39 01a58919o0458o
58919.438973  19.814  0.879    43   38 o  0   1.47 180.88496 -43.65484  9465.10  4363.99 2.54 2.26   4.2 -0.369 18.27 18.41 01a58919o0469o
58919.454864 -19.236  0.475   -73   35 o  0   1.39 180.88496 -43.65484  9488.45  4246.39 2.40 2.29  14.8 -0.378 18.32 18.44 01a58919o0502o
58937.471778  19.128  0.670    81   54 c  0   1.54 180.88496 -43.65484  4902.15  1997.11 2.85 2.67  79.6 -0.368 17.79 19.66 02a58937o0112c
58937.474562  16.870  0.921   649  598 c  0   1.33 180.88496 -43.65484  4883.79  1959.25 2.67 2.47 -87.8 -0.372 16.28 18.23 02a58937o0118c
58939.335280 -14.405  0.595 -6283 3738 o  0   1.07 180.88496 -43.65484  4808.96  6576.94 2.51 2.33  24.1 -0.395 13.52 14.03 01a58939o0167o
58939.340434  20.061  3.059    34  105 o  0   1.08 180.88496 -43.65484  4779.62  6521.99 2.44 2.27  17.2 -0.379 16.96 17.70 01a58939o0177o
58941.400116 -20.513  1.281   -23   29 o  0   0.84 180.88496 -43.65484  5779.76  8469.96 2.30 2.05  31.9 -0.426 18.95 19.68 02a58941o0364o
58941.403384 -21.106  1.689   -13   22 o  0   3.86 180.88496 -43.65484  5760.39  8432.22 2.23 2.04  30.5 -0.433 19.03 19.71 02a58941o0371o
58941.409481 -20.892  1.756   -16   28 o  0   2.34 180.88496 -43.65484  5820.54  8510.60 2.32 2.07  38.0 -0.427 18.98 19.66 02a58941o0384o
58941.421219  21.002  1.855    14   27 o  0   1.45 180.88496 -43.65484  5841.94  8396.27 2.15 2.08  39.9 -0.435 19.05 19.73 02a58941o0409o
58951.332149 -19.994  0.713   -36   26 o  0   2.10 180.88496 -43.65484  5795.69   230.91 2.27 2.04   1.2 -0.383 19.40 20.63 01a58951o0235o
58951.337671 -22.814  9.720    -3   26 o  0   1.55 180.88496 -43.65484  5778.38   193.21 2.27 1.98  -3.1 -0.397 19.43 20.66 01a58951o0246o
58951.341810 -20.338  0.668   -27   18 o  0   2.86 180.88496 -43.65484  5833.33   271.06 2.29 2.08   3.4 -0.391 19.38 20.67 01a58951o0254o
58951.362313 -19.459  0.342   -60   20 o  0   4.55 180.88496 -43.65484  5853.39   153.31 2.11 2.08  73.0 -0.398 19.39 20.55 01a58951o0295o
58955.297399 -21.099  1.526   -13   20 o  0   4.28 180.88496 -43.65484  5570.71  4601.31 2.75 2.56  -4.6 -0.359 18.90 20.11 01a58955o0159o
58955.307762 -20.558  0.959   -22   21 o  0   2.27 180.88496 -43.65484  5553.09  4563.43 2.83 2.67  -4.2 -0.340 18.92 20.17 01a58955o0180o
58955.320033 -20.341  0.777   -26   21 o  0   3.31 180.88496 -43.65484  5611.66  4640.80 2.58 2.35  -3.1 -0.349 19.03 20.33 01a58955o0205o
58955.326968  21.108  1.500    13   20 o  0   1.84 180.88496 -43.65484  5632.73  4525.48 2.69 2.45  -0.4 -0.350 19.09 20.37 01a58955o0219o
58959.290262 -20.866  1.163   -16   19 o  0   2.11 180.88496 -43.65484  5574.01  4596.94 2.86 2.13  -6.0 -0.324 19.06 20.16 01a58959o0144o
58959.295993 -20.821  1.020   -17   17 o  0   3.16 180.88496 -43.65484  5555.45  4558.22 2.56 2.01  -4.3 -0.356 19.14 20.18 01a58959o0155o
58959.312824  20.229  0.529    29   16 o  0   3.98 180.88496 -43.65484  5616.11  4635.78 2.71 2.08  -3.9 -0.336 19.11 20.25 01a58959o0190o
58959.315676 -22.058  4.321    -6   24 o  0   1.93 180.88496 -43.65484  5637.64  4521.87 2.21 1.91  -7.0 -0.380 19.27 20.24 01a58959o0196o
58961.357199  21.764  2.348     7   17 c  0   1.45 180.88496 -43.65484  3618.58  4685.67 2.68 2.35  42.3 -0.386 19.44 21.11 02a58961o0285c
58961.360407  20.953  1.000    15   15 c  0   1.97 180.88496 -43.65484  3599.66  4646.96 2.66 2.33  44.5 -0.385 19.42 21.09 02a58961o0292c
58961.367433 -20.979  1.200   -15   18 c  0   1.09 180.88496 -43.65484  3656.97  4724.72 2.76 2.42  44.9 -0.381 19.38 21.06 02a58961o0307c
58961.379486 -21.517  1.768    -9   16 c  0   1.07 180.88496 -43.65484  3676.60  4610.44 2.73 2.39  45.3 -0.381 19.34 21.04 02a58961o0333c
58971.331385 -20.994  1.347   -14   20 o  0   1.58 180.88496 -43.65484  8944.88  6277.01 2.25 1.89  -1.1 -0.379 19.02 19.60 01a58971o0214o
58971.335066  20.528  1.094    22   24 o  0   1.22 180.88496 -43.65484  8964.77  6315.84 2.40 1.94   1.1 -0.370 18.98 19.61 01a58971o0222o
58971.341078 -21.097  1.734   -13   23 o  0   0.80 180.88496 -43.65484  8905.43  6236.31 2.20 2.04  -4.5 -0.392 19.02 19.58 01a58971o0235o
58971.351731  20.580  1.144    21   24 o  0   1.28 180.88496 -43.65484  8886.35  6351.91 2.36 2.02   2.3 -0.383 18.96 19.53 01a58971o0258o
58973.343851 -19.515  0.636   -57   36 o  0   1.95 180.88496 -43.65484  6583.73  6236.85 3.15 2.01  38.2 -0.399 18.42 18.76 02a58973o0241o
58973.349382 -19.182  0.476   -77   37 o  0   1.31 180.88496 -43.65484  6565.32  6197.87 3.26 2.08  39.2 -0.386 18.40 18.75 02a58973o0253o
58973.380513 -20.994  2.364   -14   34 o  0   1.20 180.88496 -43.65484  6622.94  6277.68 3.23 2.03  41.0 -0.383 18.37 18.64 02a58973o0320o
58973.386534 -19.517  0.587   -57   33 o  0   2.24 180.88496 -43.65484  6643.11  6163.36 3.10 2.04  42.1 -0.389 18.31 18.61 02a58973o0333o
58975.362098 -19.293  0.588   -70   41 o  0   0.85 180.88496 -43.65484  8939.93  6274.09 2.51 2.13  11.1 -0.365 18.16 18.12 01a58975o0264o
58975.365340  20.789  2.473    18   43 o  0   1.36 180.88496 -43.65484  8960.17  6313.65 2.60 2.28  10.6 -0.366 18.05 18.10 01a58975o0271o
58975.371796  19.893  1.114    40   45 o  0   1.09 180.88496 -43.65484  8900.27  6235.01 2.61 2.28  13.7 -0.346 18.00 18.06 01a58975o0285o
58975.383376  21.062  3.435    14   47 o  0   1.05 180.88496 -43.65484  8883.21  6351.26 2.61 2.14  13.9 -0.343 18.02 18.01 01a58975o0310o
58979.342283  20.433  0.917    24   22 o  0   1.33 180.88496 -43.65484  3789.75  8693.42 1.88 1.77 -31.5 -0.426 19.02 19.44 01a58979o0231o
58979.346426  21.319  2.205    11   24 o  0   0.87 180.88496 -43.65484  3809.00  8731.81 1.96 1.85 -25.1 -0.425 18.99 19.39 01a58979o0240o
58979.351990  20.600  1.167    21   24 o  0   1.04 180.88496 -43.65484  3752.73  8656.21 2.01 1.92 -49.2 -0.426 18.92 19.32 01a58979o0252o
58979.367300 -21.281  2.560   -11   29 o  0   0.81 180.88496 -43.65484  3734.05  8772.31 2.05 1.93 -33.2 -0.415 18.82 19.20 01a58979o0285o
58981.303987  21.111  1.041    13   14 c  0   1.51 180.88496 -43.65484  1887.01 10078.20 2.69 2.55 -30.6 -0.410 19.35 21.23 02a58981o0158c
58981.308142 -22.899  6.133    -2   15 c  0   1.93 180.88496 -43.65484  1867.29 10038.23 2.59 2.43 -32.1 -0.431 19.40 21.24 02a58981o0167c
58981.314157 -21.721  1.750    -7   13 c  0   2.00 180.88496 -43.65484  1930.69 10119.13 2.76 2.61 -44.2 -0.416 19.35 21.25 02a58981o0180c
58981.324822  21.209  0.958    12   11 c  0   2.08 180.88496 -43.65484  1954.56 10003.18 2.47 2.45   3.5 -0.437 19.37 21.25 02a58981o0203c
58983.314002  20.131  0.540    32   17 o  0   1.44 180.88496 -43.65484  3793.75  8696.38 2.41 2.29 -51.3 -0.397 19.33 20.61 01a58983o0167o
58983.317226  23.196 12.500     2   24 o  0   0.98 180.88496 -43.65484  3813.17  8734.59 2.32 2.20 -37.8 -0.394 19.35 20.60 01a58983o0174o
58983.323274  23.811 19.667     1   21 o  0   0.82 180.88496 -43.65484  3755.78  8658.11 2.36 2.24 -15.7 -0.373 19.30 20.57 01a58983o0187o
58983.335268 -21.552  1.706    -9   15 o  0   1.63 180.88496 -43.65484  3736.94  8773.85 2.36 2.31 -43.6 -0.394 19.31 20.59 01a58983o0213o
58999.280347  21.332  1.791    11   19 o  0   0.86 180.88496 -43.65484  6683.18 10226.55 1.91 1.76   4.3 -0.375 19.24 19.95 01a58999o0102o
58999.283566 -23.041  9.107    -2   20 o  0   1.33 180.88496 -43.65484  6702.46 10265.63 1.94 1.79   7.5 -0.367 19.17 19.93 01a58999o0109o
58999.289092  20.524  1.300    22   29 o  0   0.64 180.88496 -43.65484  6645.05 10186.69 1.90 1.74  10.3 -0.371 19.23 19.91 01a58999o0121o
58999.299226  25.159 67.250     0   21 o  0   2.20 180.88496 -43.65484  6626.67 10303.86 1.94 1.77   9.7 -0.365 19.20 19.91 01a58999o0143o
59007.277619  19.416  5.551    62  345 o  0   0.99 180.88496 -43.65484  1872.78  4012.18 2.56 2.14  -7.2 -0.319 15.91 15.99 01a59007o0094o
59007.280844 -17.035  0.524  -557  292 o  0   1.23 180.88496 -43.65484  1892.24  4049.81 2.65 2.18  -7.0 -0.322 15.67 15.70 01a59007o0101o
59007.287782  18.734  1.469   116  171 o  0   0.89 180.88496 -43.65484  1831.08  3973.75 2.54 2.14  -6.0 -0.325 16.49 16.54 01a59007o0116o
59007.299317  17.565  1.119   342  382 o  0   1.05 180.88496 -43.65484  1811.24  4089.27 2.70 2.21 -11.7 -0.296 15.62 15.48 01a59007o0141o
59011.273325  19.707  0.436    48   21 o  0   1.42 180.88496 -43.65484  1801.45  8370.90 2.18 2.04 -24.2 -0.375 19.28 20.35 01a59011o0077o
59011.277008  19.981  0.460    37   17 o  0   1.34 180.88496 -43.65484  1820.92  8407.96 2.24 2.08 -20.5 -0.355 19.22 20.34 01a59011o0085o
59011.282559  20.048  0.573    35   20 o  0   1.08 180.88496 -43.65484  1762.60  8332.12 2.17 2.03 -22.8 -0.360 19.24 20.35 01a59011o0097o
59011.294082  21.333  2.151    11   23 o  0   1.99 180.88496 -43.65484  1743.31  8448.30 2.40 2.26 -32.6 -0.352 19.17 20.42 01a59011o0122o
59015.253340  20.602  1.016    21   21 o  0   1.77 180.88496 -43.65484  1800.86  8370.97 2.31 2.13 -10.8 -0.344 18.97 19.78 01a59015o0034o
59015.257028 -21.172  1.684   -12   21 o  0   3.35 180.88496 -43.65484  1820.17  8408.56 2.52 2.40 -19.1 -0.324 19.04 20.18 01a59015o0042o
59015.262575  21.126  1.906    13   24 o  0   0.58 180.88496 -43.65484  1761.57  8332.10 2.05 1.95 -29.4 -0.384 19.31 20.40 01a59015o0054o
59015.274555  23.100  9.227     2   19 o  0   1.61 180.88496 -43.65484  1743.45  8448.53 2.11 1.97 -26.9 -0.371 19.32 20.45 01a59015o0080o
59017.251253  21.580  5.833     8   49 c  0   1.98 180.88496 -43.65484 10025.65 10151.62 3.47 2.78 -49.9 -0.320 18.03 18.91 02a59017o0019c
59017.254467 -19.473  0.528   -59   31 c  0   1.12 180.88496 -43.65484 10004.41 10114.13 2.87 2.81  43.4 -0.354 18.57 19.59 02a59017o0026c
59017.259962  20.660  1.011    20   20 c  0   1.14 180.88496 -43.65484 10068.68 10192.35 2.93 2.82 -62.0 -0.352 19.12 20.47 02a59017o0038c
59017.270524  19.762  0.332    45   15 c  0   2.00 180.88496 -43.65484 10087.99 10076.63 2.87 2.82 -87.6 -0.365 19.27 20.86 02a59017o0061c
59021.251981 -20.544  2.055   -22   45 c  0   1.39 180.88496 -43.65484  9415.88  4339.46 2.89 2.37 -64.6 -0.404 18.00 18.93 02a59021o0020c
59021.255180  19.350  0.451    66   30 c  0   1.12 180.88496 -43.65484  9394.52  4300.12 2.69 2.57  68.1 -0.368 18.62 19.63 02a59021o0027c
59021.260689 -21.701  2.400    -8   18 c  0   1.89 180.88496 -43.65484  9451.78  4377.23 2.67 2.55  89.0 -0.374 19.19 20.57 02a59021o0039c
59021.270776  20.769  0.970    18   17 c  0   2.04 180.88496 -43.65484  9472.93  4260.10 2.79 2.54 -66.2 -0.385 19.39 21.11 02a59021o0061c
59191.629042  20.570  1.144    22   25 o  0   1.31 180.88496 -43.65484  3842.60  8573.80 2.71 2.49 -73.8 -0.394 18.75 19.79 01a59191o0963o
59191.646611  23.242 12.286     2   22 o  0   1.92 180.88496 -43.65484  3829.23  8537.59 2.51 2.34 -69.3 -0.390 18.90 19.75 01a59191o1001o
59191.652136  23.824 18.500     1   20 o  0   5.50 180.88496 -43.65484  3891.00  8616.21 2.53 2.36 -69.5 -0.398 18.74 19.60 01a59191o1013o
59191.659965  19.287  0.523    70   37 o  0   1.84 180.88496 -43.65484  3913.43  8500.22 2.56 2.38 -68.7 -0.387 17.98 18.44 01a59191o1030o
59195.634320  21.685  2.026     8   16 c  0   1.96 180.88496 -43.65484  3943.75   338.67 3.26 3.06  73.6 -0.323 19.27 21.28 01a59195o0974c
59195.647623 -20.352  0.640   -26   17 c  0   1.92 180.88496 -43.65484  3925.91   299.97 4.10 4.04  56.1 -0.209 19.05 21.16 01a59195o1002c
59195.653160  20.382  0.773    26   20 c  0   1.85 180.88496 -43.65484  3983.02   378.69 3.16 3.13 -25.3 -0.336 19.10 20.80 01a59195o1014c
59195.660076  19.852  1.014    42   42 c  0   1.72 180.88496 -43.65484  4001.93   262.38 3.86 3.47 -52.2 -0.391 18.22 19.55 01a59195o1029c
59197.631058 -21.537  1.702    -9   15 c  0   1.21 180.88496 -43.65484  9410.13  8452.01 2.79 2.61  63.5 -0.386 19.49 21.28 02a59197o0946c
59197.641180  20.669  0.721    20   14 c  0   1.79 180.88496 -43.65484  9428.12  8492.07 2.86 2.62  53.0 -0.382 19.50 21.28 02a59197o0968c
59197.653080  22.534  4.350     4   15 c  0   1.62 180.88496 -43.65484  9371.77  8411.44 2.73 2.56  83.9 -0.391 19.47 21.10 02a59197o0994c
59197.661792 -20.031  0.745   -35   26 c  0   1.19 180.88496 -43.65484  9353.03  8527.45 2.77 2.57 -87.1 -0.382 18.99 20.13 02a59197o1013c
