###MJD          m      dm   uJy   duJy F err chi/N     RA       Dec        x        y     maj  min   phi  apfit mag5sig Sky   Obs
57405.611552 -20.816  4.500   -17   77 o  0   1.53 190.99104 -45.59583  9833.05  1958.39 4.01 2.27  87.6 -0.479 17.60 19.37 02a57405o0647o
57405.651905 -18.453  0.615  -151   93 o  0   1.60 190.99104 -45.59583   238.77  8132.91 3.77 2.20 -88.6 -0.478 17.24 18.61 02a57405o0707o
57405.665845 -19.542  1.933   -55  107 o  0   0.87 190.99104 -45.59583  8239.75   186.78 4.69 4.65  19.9 -0.416 18.14 19.53 02a57405o0730o
57447.531412  18.693  2.068   121  250 o  0   0.62 190.99104 -45.59583    40.99  8942.91 3.82 2.29 -87.5 -0.483 16.70 17.58 02a57447o0644o
57447.550310 -19.207  2.256   -75  170 o  0   0.94 190.99104 -45.59583 10161.29  8925.50 4.06 2.31 -89.5 -0.489 16.58 17.43 02a57447o0676o
57447.551995 -18.738  0.957  -116  111 o  0   1.11 190.99104 -45.59583  1277.26  8402.92 3.61 2.55 -83.7 -0.461 17.11 18.06 02a57447o0679o
57447.573065  20.036  2.724    35   96 o  0   1.52 190.99104 -45.59583  1120.64  8142.66 3.63 3.04 -80.2 -0.458 17.22 18.25 02a57447o0714o
57453.495883 -21.246  1.917   -12   22 c  0   1.33 190.99104 -45.59583   177.47  9341.54 4.23 3.84 -54.3 -0.421 19.20 21.02 02a57453o0559c
57453.513588 -20.935  1.469   -15   22 c  0   0.94 190.99104 -45.59583 10304.57  9332.49 4.32 3.73  76.1 -0.404 19.18 21.00 02a57453o0591c
57453.533441  23.000  9.800     2   22 c  0   1.22 190.99104 -45.59583 10006.35  8753.09 4.27 3.61  77.9 -0.421 19.19 21.02 02a57453o0626c
57453.535098 -20.219  0.766   -30   23 c  0   1.00 190.99104 -45.59583  1125.70  8201.44 4.11 3.72 -55.2 -0.446 19.20 21.00 02a57453o0629c
57453.556180 -19.867  0.543   -41   22 c  0   1.08 190.99104 -45.59583  1117.13  8140.58 4.39 3.77 -59.1 -0.433 19.12 20.91 02a57453o0664c
57457.487120 -19.620  1.033   -52   53 c  0   0.88 190.99104 -45.59583   249.72  9285.40 4.68 4.01 -44.3 -0.416 18.43 20.46 02a57457o0554c
57457.503881 -20.062  0.800   -34   27 c  0   1.18 190.99104 -45.59583 10374.91  9267.66 4.91 3.28  87.2 -0.392 18.48 20.40 02a57457o0586c
57457.524154  20.906  1.762    16   28 c  0   1.11 190.99104 -45.59583 10076.10  8693.08 4.73 3.43 -88.8 -0.394 18.61 20.57 02a57457o0623c
57457.526751  21.729  5.000     7   37 c  0   1.41 190.99104 -45.59583  1184.75  8143.92 4.33 3.26 -60.5 -0.445 18.73 20.62 02a57457o0628c
57457.548422 -19.586  0.398   -53   21 c  0   1.50 190.99104 -45.59583  1123.30  8137.83 4.56 3.75 -58.7 -0.441 19.16 21.06 02a57457o0664c
57461.471966 -17.157  0.252  -498  125 c  0   1.21 190.99104 -45.59583   174.00  9378.47 4.37 3.82 -53.3 -0.435 17.08 18.89 02a57461o0530c
57461.491450  20.239  5.000    29  146 c  0   0.78 190.99104 -45.59583 10299.11  9366.63 4.34 3.58  75.9 -0.416 16.85 18.66 02a57461o0562c
57461.511653 -16.478  0.344  -930  320 c  0   1.14 190.99104 -45.59583 10003.42  8789.54 4.36 3.61  77.7 -0.425 16.13 17.99 02a57461o0597c
57461.513107 -18.137  0.512  -202  104 c  0   1.08 190.99104 -45.59583  1123.25  8236.79 4.20 3.74 -57.7 -0.439 17.22 19.04 02a57461o0600c
57461.534830 -20.927  1.387   -16   22 c  0   1.38 190.99104 -45.59583  1116.62  8138.23 4.23 3.65 -61.9 -0.443 19.13 20.91 02a57461o0635c
57465.459558 -21.649  6.600    -8   52 o  0   1.07 190.99104 -45.59583   361.54  9153.65 4.47 3.68 -57.1 -0.461 18.30 19.24 02a57465o0516o
57465.475095 -19.149  0.658   -80   52 o  0   1.32 190.99104 -45.59583 10482.79  9127.56 4.39 3.22  83.3 -0.473 18.28 19.23 02a57465o0548o
57465.476544  17.783  0.209   280   58 o  0   1.35 190.99104 -45.59583    73.41  8554.49 4.59 3.66 -58.0 -0.441 18.29 19.26 02a57465o0551o
57465.492762 -20.024  1.575   -36   56 o  0   1.14 190.99104 -45.59583 10186.25  8549.62 4.32 3.13  83.6 -0.492 18.28 19.25 02a57465o0583o
57465.494207 -19.556  0.973   -55   53 o  0   1.11 190.99104 -45.59583  1293.40  8012.91 4.18 3.47 -60.0 -0.495 18.31 19.27 02a57465o0586o
57465.515820 -18.749  0.495  -115   57 o  0   1.25 190.99104 -45.59583  1105.57  8137.33 4.41 3.50 -60.8 -0.486 18.28 19.28 02a57465o0621o
57477.438589  19.798  0.864    44   38 o  0   1.27 190.99104 -45.59583   350.52  9104.58 4.56 3.67 -56.9 -0.448 18.51 19.67 02a57477o0475o
57477.450725 -23.480 28.000    -2   41 o  0   1.36 190.99104 -45.59583 10470.27  9079.41 4.40 3.16  84.0 -0.468 18.48 19.58 02a57477o0499o
57477.456072  17.547  0.158   348   55 o  0   1.40 190.99104 -45.59583    63.14  8502.20 4.57 3.57 -58.3 -0.441 18.49 19.63 02a57477o0510o
57477.467731  20.012  1.107    36   40 o  0   1.34 190.99104 -45.59583 10171.64  8503.59 4.29 3.05  84.7 -0.488 18.46 19.56 02a57477o0534o
57477.473047 -19.356  0.594   -66   39 o  0   1.25 190.99104 -45.59583  1282.51  7963.81 4.15 3.47 -60.7 -0.489 18.46 19.55 02a57477o0545o
57477.490220  20.290  1.491    28   41 o  0   1.35 190.99104 -45.59583  1108.45  8132.15 4.21 3.44 -60.7 -0.486 18.41 19.48 02a57477o0580o
57863.462879 -21.350  2.524   -10   26 c  0   1.25 190.99104 -45.59583  7465.75   913.47 3.92 3.85  30.5 -0.436 18.58 20.18 02a57863o0436c
57934.281454  24.068 29.000     1   25 o  0   1.19 190.99104 -45.59583  1148.35  9849.12 3.33 2.89 -48.2 -0.502 18.79 19.98 01a57934o0091o
57934.290329  20.700  1.500    19   29 o  0   1.27 190.99104 -45.59583  1158.33  9920.84 4.19 3.68 -48.5 -0.408 18.66 19.89 01a57934o0109o
58103.631677 -18.771  0.298  -113   34 o  0   1.02 190.99104 -45.59583   161.81  4182.84 5.32 4.46  78.2 -0.382 18.49 20.26 01a58103o0826o
58103.632134 -19.254  0.448   -72   32 o  0   1.01 190.99104 -45.59583   173.60  4065.47 5.10 4.30  79.1 -0.385 18.56 20.27 01a58103o0827o
58115.598407  20.866  1.500    16   24 o  0   1.11 190.99104 -45.59583   306.64  3394.94 4.50 3.74  75.8 -0.395 18.82 20.61 01a58115o0899o
58115.605299 -20.786  1.311   -18   23 o  0   1.17 190.99104 -45.59583   347.97  3454.86 4.56 3.67  72.6 -0.403 18.84 20.60 01a58115o0914o
58115.614235 -18.626  0.175  -129   22 o  0   1.15 190.99104 -45.59583   357.87  3312.45 4.41 3.77  72.1 -0.401 18.80 20.61 01a58115o0929o
58117.627898  20.172  0.591    31   18 o  0   1.24 190.99104 -45.59583  2544.62  5533.82 2.42 2.01  52.8 -0.472 19.27 20.54 02a58117o0616o
58117.635713  20.645  0.837    20   17 o  0   1.30 190.99104 -45.59583  2569.82  5573.01 2.44 2.10  57.7 -0.463 19.28 20.60 02a58117o0633o
58117.643493  22.100  3.083     5   16 o  0   1.42 190.99104 -45.59583  2513.12  5497.20 2.27 1.88  54.2 -0.473 19.36 20.65 02a58117o0650o
58117.651314 -20.473  0.546   -24   13 o  0   2.21 190.99104 -45.59583  2483.79  5614.63 2.38 2.00  54.1 -0.467 19.32 20.62 02a58117o0667o
58121.595438 -19.667  1.705   -49   84 o  0   1.22 190.99104 -45.59583  9340.07  7888.05 2.53 2.43  19.7 -0.458 17.76 18.48 02a58121o0874o
58121.600002  19.091  1.621    84  136 o  0   1.02 190.99104 -45.59583  9353.00  7928.36 2.87 2.75  11.0 -0.448 17.71 18.59 02a58121o0884o
58121.606526  19.003  0.704    91   64 o  0   1.38 190.99104 -45.59583  9297.31  7850.80 2.45 2.24  17.2 -0.468 17.94 18.66 02a58121o0896o
58121.613826  20.855  6.833    16  113 o  0   1.22 190.99104 -45.59583  9282.86  7968.11 2.75 2.58  13.3 -0.441 17.84 18.75 02a58121o0912o
58123.611624  21.390  3.741    10   38 o  0   1.13 190.99104 -45.59583  8176.50  3233.93 4.75 3.47 -87.8 -0.387 18.19 19.31 01a58123o0596o
58123.621239  20.197  1.325    30   40 o  0   0.97 190.99104 -45.59583  8132.60  3164.00 4.90 3.61 -88.0 -0.377 18.17 19.36 01a58123o0617o
58123.635461 -20.816  2.128   -17   36 o  0   1.14 190.99104 -45.59583  8180.25  3190.22 4.95 4.14 -86.3 -0.343 18.10 19.41 01a58123o0648o
58123.640528  19.141  0.479    80   38 o  0   1.37 190.99104 -45.59583  8187.27  3055.42 5.10 4.57 -82.5 -0.327 18.04 19.42 01a58123o0659o
58127.608759  19.876  0.684    41   28 o  0   1.12 190.99104 -45.59583  9193.33  4659.51 5.67 4.18 -85.7 -0.359 18.53 20.29 01a58127o0904o
58127.617464 -20.728  1.629   -19   30 o  0   0.97 190.99104 -45.59583  9165.71  4591.67 5.78 4.27 -87.8 -0.353 18.55 20.32 01a58127o0923o
58127.624333 -20.284  0.845   -28   24 o  0   1.46 190.99104 -45.59583  9210.75  4642.09 5.52 4.06 -85.9 -0.359 18.63 20.32 01a58127o0938o
58127.635807 -23.808 23.500    -1   26 o  0   1.21 190.99104 -45.59583  9223.40  4484.12 5.74 4.68 -82.6 -0.296 18.54 20.36 01a58127o0963o
58129.593108 -19.880  0.702   -40   28 o  0   1.56 190.99104 -45.59583  9213.23  5560.07 3.45 2.61  14.1 -0.445 18.09 19.36 02a58129o0868o
58129.600933  21.223  3.556    12   42 o  0   1.06 190.99104 -45.59583  9224.63  5601.35 2.81 2.38  58.3 -0.514 18.91 20.30 02a58129o0885o
58129.608722 -21.600  1.939    -8   16 o  0   2.10 190.99104 -45.59583  9168.01  5522.55 2.74 2.32  47.8 -0.504 19.08 20.38 02a58129o0902o
58129.616524 -20.766  0.861   -18   15 o  0   1.90 190.99104 -45.59583  9153.04  5639.01 2.70 2.25  57.3 -0.493 19.14 20.44 02a58129o0919o
58131.593221 -19.759  0.374   -45   17 o  0   1.90 190.99104 -45.59583  1586.50  4157.74 4.20 3.57  79.9 -0.415 18.97 21.14 01a58131o0686o
58131.599205 -19.611  0.333   -52   17 o  0   1.39 190.99104 -45.59583  1549.74  4096.84 4.39 3.68  84.6 -0.401 18.94 21.12 01a58131o0699o
58131.603325 -19.403  0.240   -63   15 o  0   1.66 190.99104 -45.59583  1614.88  4161.96 4.06 3.28  85.2 -0.424 19.02 21.09 01a58131o0708o
58131.609737  21.476  1.656     9   15 o  0   1.89 190.99104 -45.59583  1619.83  4023.17 3.95 3.22  85.7 -0.421 19.02 21.04 01a58131o0722o
58135.631620  19.979  0.630    37   23 o  0   1.50 190.99104 -45.59583  9461.99  4308.61 5.03 4.07 -83.0 -0.360 18.63 20.36 01a58135o0937o
58135.639200  19.843  2.112    42   89 o  0   1.00 190.99104 -45.59583  1323.98  6062.24 4.13 3.88 -80.5 -0.396 17.56 19.97 01a58135o0953o
58135.648350  19.697  1.090    48   52 o  0   1.43 190.99104 -45.59583  1278.33  6023.68 4.60 4.20 -86.3 -0.374 17.92 20.25 01a58135o0972o
58135.655023  18.741  0.404   116   47 o  0   1.04 190.99104 -45.59583  9515.88  4137.68 4.68 4.21 -78.0 -0.360 18.13 20.01 01a58135o0986o
58147.581270 -19.799  1.307   -44   57 o  0   1.02 190.99104 -45.59583  8356.51  5638.34 5.67 3.97 -87.6 -0.340 18.05 19.23 01a58147o0409o
58147.596925 -19.783  1.158   -44   51 o  0   1.02 190.99104 -45.59583  8326.63  5542.61 4.96 3.54 -85.6 -0.386 18.15 19.23 01a58147o0442o
58147.605441 -20.636  2.854   -20   58 o  0   1.21 190.99104 -45.59583  2395.40  4715.97 3.58 3.30 -81.8 -0.425 17.35 18.98 01a58147o0460o
58147.611868 -19.848  1.170   -42   49 o  0   1.31 190.99104 -45.59583  2375.31  4857.22 3.64 3.32 -88.5 -0.426 17.60 19.20 01a58147o0473o
58151.601250  21.732 11.824     7   87 o  0   1.18 190.99104 -45.59583  2706.83  5562.63 3.92 3.62  83.1 -0.410 17.55 18.66 01a58151o0757o
58151.611390  19.534  1.168    56   65 o  0   1.17 190.99104 -45.59583  2728.54  5640.83 3.96 3.62 -89.1 -0.408 17.77 18.81 01a58151o0778o
58151.613225  19.647  1.377    50   69 o  0   1.08 190.99104 -45.59583  2675.72  5572.78 4.11 3.66  89.2 -0.405 17.76 18.83 01a58151o0782o
58151.616489  18.759  0.590   114   67 o  0   1.00 190.99104 -45.59583  2666.58  5702.58 3.86 3.36 -87.8 -0.437 17.91 18.88 01a58151o0788o
58159.579058 -19.520  0.435   -56   25 o  0   1.71 190.99104 -45.59583  1225.98  4383.10 3.97 3.58  85.0 -0.400 18.51 20.63 01a58159o0813o
58159.586157  19.766  0.505    45   23 o  0   2.08 190.99104 -45.59583  1247.22  4449.03 3.99 3.43  81.7 -0.426 18.63 20.74 01a58159o0827o
58159.595772  19.182  0.254    77   20 o  0   2.38 190.99104 -45.59583  1200.59  4411.86 4.08 3.50  85.2 -0.397 18.76 20.91 01a58159o0848o
58159.602719  19.348  0.325    66   22 o  0   1.82 190.99104 -45.59583  1178.05  4557.97 4.10 3.34  85.7 -0.413 18.85 20.94 01a58159o0862o
58161.580033 -21.203  0.957   -12   12 c  0   1.91 190.99104 -45.59583  7922.81  4813.01 2.75 2.51  70.3 -0.449 19.57 21.50 02a58161o0808c
58161.589639 -22.845  4.375    -3   12 c  0   1.35 190.99104 -45.59583  7965.37  4849.54 2.64 2.42  71.1 -0.463 19.61 21.50 02a58161o0829c
58161.591465  22.452  3.087     4   12 c  0   1.65 190.99104 -45.59583  7898.07  4773.55 2.65 2.42  74.7 -0.462 19.62 21.49 02a58161o0833c
58161.602869  21.336  1.016    11   11 c  0   2.07 190.99104 -45.59583  7981.63  4732.27 2.76 2.51  74.4 -0.449 19.54 21.44 02a58161o0858c
58167.539395 -18.543  0.278  -139   39 o  0   1.39 190.99104 -45.59583 10387.81  5212.00 5.25 4.26 -79.0 -0.343 18.50 20.47 01a58167o0500o
58167.551756 -17.430  0.085  -387   33 o  0   1.40 190.99104 -45.59583 10412.37  5299.62 6.18 4.81 -83.1 -0.316 18.59 20.60 01a58167o0527o
58167.558169  21.086  2.889    13   39 o  0   1.20 190.99104 -45.59583   892.08  5317.42 4.37 4.04 -88.7 -0.376 17.97 20.03 01a58167o0541o
58167.561834 -18.890  0.327  -101   33 o  0   1.29 190.99104 -45.59583 10365.65  5260.17 5.73 3.96 -81.6 -0.364 18.53 20.42 01a58167o0549o
58167.566871 -18.827  0.403  -107   43 o  0   1.59 190.99104 -45.59583 10342.22  5396.05 5.79 3.89 -84.4 -0.362 18.34 20.14 01a58167o0560o
58167.569618 -18.245  0.513  -183   94 o  0   1.16 190.99104 -45.59583   930.45  5399.20 4.01 3.42  81.6 -0.383 17.26 19.09 01a58167o0566o
58173.498349 -17.594  1.678  -333  559 o  0   1.17 190.99104 -45.59583  2633.66  7186.26 2.61 2.12  59.2 -0.488 16.42 17.69 02a58173o0238o
58173.505649 -14.546  1.478 -5517 8155 o  0   0.64 190.99104 -45.59583  2659.56  7224.63 2.38 2.14  50.3 -0.576 14.71 16.29 02a58173o0254o
58183.462834  19.057  0.547    86   47 o  0   1.45 190.99104 -45.59583  1359.26  5364.25 4.16 3.22  85.1 -0.421 18.17 19.32 01a58183o0523o
58183.471990 -21.275  3.429   -11   38 o  0   1.65 190.99104 -45.59583  1334.25  5291.89 3.81 2.90  86.8 -0.452 18.28 19.33 01a58183o0543o
58183.483439 -19.745  0.981   -46   45 o  0   1.24 190.99104 -45.59583  1377.31  5329.61 3.79 2.96  82.8 -0.440 18.23 19.41 01a58183o0568o
58183.493519 -21.482  3.933    -9   36 o  0   1.14 190.99104 -45.59583  1383.04  5175.01 3.60 3.07  84.0 -0.445 18.17 19.40 01a58183o0590o
58184.431879  20.276  0.783    28   22 o  0   1.66 190.99104 -45.59583  9554.68  2762.32 2.81 2.10  49.5 -0.471 18.74 19.49 02a58184o0448o
58184.433703 -21.159  2.147   -12   27 o  0   1.10 190.99104 -45.59583  9541.04  2723.24 2.98 2.19  51.8 -0.458 18.72 19.49 02a58184o0452o
58184.440614 -19.929  0.660   -39   26 o  0   1.16 190.99104 -45.59583  9499.77  2684.53 2.87 2.12  50.9 -0.473 18.72 19.50 02a58184o0467o
58184.441982 -19.699  0.508   -48   24 o  0   1.69 190.99104 -45.59583  9471.48  2800.69 2.78 2.09  52.3 -0.470 18.76 19.50 02a58184o0470o
58185.434651  20.821  1.316    17   22 o  0   1.27 190.99104 -45.59583  9553.90  2763.26 3.04 2.25  53.3 -0.457 18.93 19.88 02a58185o0449o
58185.436476  21.872  3.758     6   24 o  0   1.30 190.99104 -45.59583  9540.23  2724.37 3.18 2.33  52.1 -0.454 18.78 19.83 02a58185o0453o
58185.452594  20.535  1.204    22   27 o  0   1.00 190.99104 -45.59583  9497.43  2686.67 3.24 2.30  52.3 -0.437 18.67 19.60 02a58185o0470o
58185.454859  20.949  2.974    15   45 o  0   1.02 190.99104 -45.59583  9469.66  2803.59 2.11 1.98  20.5 -0.499 18.13 19.93 02a58185o0473o
58187.475457 -16.387  0.295 -1012  298 o  0   1.42 190.99104 -45.59583  9411.43  3336.22 4.90 3.00  88.8 -0.422 16.34 17.83 01a58187o0549o
58193.451259 -21.050  0.659   -14    9 c  0   2.35 190.99104 -45.59583  8824.55  5018.98 2.74 2.37  65.9 -0.457 19.50 21.18 02a58193o0477c
58193.458102  21.220  0.875    12   10 c  0   1.74 190.99104 -45.59583  8840.18  5057.28 2.80 2.43  67.8 -0.455 19.50 21.19 02a58193o0492c
58193.468064 -20.674  0.504   -20   10 c  0   1.46 190.99104 -45.59583  8783.41  4979.35 2.65 2.34  67.2 -0.454 19.50 21.18 02a58193o0513c
58193.478576  20.519  0.371    22    8 c  0   2.22 190.99104 -45.59583  8766.00  5097.61 2.63 2.35  64.0 -0.454 19.51 21.22 02a58193o0536c
58197.456662 -19.883  0.348   -40   14 c  0   1.14 190.99104 -45.59583  2253.93  4970.72 2.59 2.41  53.4 -0.431 19.38 21.30 02a58197o0084c
58197.467514  22.582  3.545     3   12 c  0   1.40 190.99104 -45.59583  2277.91  5010.08 2.60 2.35  53.1 -0.429 19.41 21.32 02a58197o0107c
58197.476577 -17.236  1.164  -463  539 c  0   1.21 190.99104 -45.59583  2192.33  5054.25 2.66 2.41  54.7 -0.448 16.89 18.92 02a58197o0126c
58197.478403 -18.099  1.261  -209  264 c  0   1.04 190.99104 -45.59583  2220.66  4935.49 2.74 2.44  57.8 -0.423 15.76 17.73 02a58197o0130c
58213.428632  19.258  0.709    72   51 o  0   1.33 190.99104 -45.59583   919.21  4958.73 2.83 2.13  74.4 -0.467 17.76 19.59 02a58213o0399o
58213.436401 -19.513  3.533   -57  201 o  0   1.12 190.99104 -45.59583   907.09  4920.09 2.66 1.95  77.3 -0.485 16.33 18.52 02a58213o0416o
58223.410077  19.525  0.988    56   56 o  0   1.09 190.99104 -45.59583  2197.55  7697.84 3.66 3.32 -89.3 -0.414 17.82 19.32 01a58223o0208o
58223.414658 -19.879  1.135   -41   46 o  0   1.60 190.99104 -45.59583  2174.59  7678.27 3.45 3.07 -88.3 -0.435 18.08 19.50 01a58223o0218o
58223.420630  18.127  2.422   204  494 o  0   1.11 190.99104 -45.59583  2138.95  7666.49 3.54 3.01  87.2 -0.429 17.47 18.96 01a58223o0230o
58223.431622 -14.783  0.654 -4432 2896 o  0   1.04 190.99104 -45.59583  2134.89  7827.48 3.30 2.86  88.1 -0.489 14.39 16.85 01a58223o0254o
58225.411285 -18.456  1.275  -150  192 c  0   1.27 190.99104 -45.59583  8607.00  5451.99 3.92 2.91  75.5 -0.373 16.38 19.43 02a58225o0407c
58225.418584 -17.754  0.951  -288  273 c  0   0.93 190.99104 -45.59583  8581.31  5413.50 3.88 2.88  76.4 -0.389 15.85 18.87 02a58225o0423c
58225.420412 -18.942  0.717   -96   69 c  0   1.06 190.99104 -45.59583  8649.16  5489.20 3.74 2.69  83.1 -0.397 17.25 20.23 02a58225o0427c
58225.425840 -18.610  0.691  -131   90 c  0   0.95 190.99104 -45.59583  8664.28  5368.87 3.93 3.00  78.1 -0.384 17.48 20.46 02a58225o0438c
58229.396635 -14.646  0.609 -5029 3062 o  0   1.14 190.99104 -45.59583  7512.50  3384.60 2.58 2.51  66.6 -0.422 14.12 15.23 02a58229o0285o
58229.408700  18.788  1.769   111  196 o  0   1.23 190.99104 -45.59583  7502.33  3347.00 2.52 2.38  66.5 -0.429 16.24 17.35 02a58229o0310o
58229.416005  18.971  1.489    94  139 o  0   1.06 190.99104 -45.59583  7558.19  3423.48 2.88 2.75 -75.8 -0.398 17.52 18.72 02a58229o0326o
58229.416460 -16.546  0.614  -874  537 o  0   0.99 190.99104 -45.59583  7572.06  3306.87 2.78 2.67 -86.8 -0.412 16.93 18.10 02a58229o0327o
58233.380209 -20.710  1.218   -19   23 o  0   1.87 190.99104 -45.59583  1182.15  3549.05 2.39 2.20  46.9 -0.434 18.60 19.21 02a58233o0318o
58233.388024  19.463  0.480    60   29 o  0   0.73 190.99104 -45.59583  1156.41  3509.34 2.13 1.92  40.2 -0.496 18.63 19.18 02a58233o0335o
58233.395821 -22.748 10.192    -3   30 o  0   0.95 190.99104 -45.59583  1225.98  3588.91 2.15 1.96  44.1 -0.492 18.65 19.17 02a58233o0352o
58233.405898  21.449  2.260    10   22 o  0   1.81 190.99104 -45.59583  1241.19  3471.39 2.45 2.16  55.7 -0.441 18.58 19.15 02a58233o0374o
58245.356931 -20.951  1.383   -15   21 o  0   1.09 190.99104 -45.59583  1415.99  3909.82 2.16 1.92  30.8 -0.481 19.18 20.24 02a58245o0285o
58245.367020  19.998  0.509    36   18 o  0   1.42 190.99104 -45.59583  1405.24  3868.60 2.09 1.87  32.6 -0.492 19.02 19.99 02a58245o0306o
58245.367932  21.254  1.835    11   21 o  0   1.00 190.99104 -45.59583  1459.76  3948.58 2.09 2.01  47.3 -0.448 18.94 19.93 02a58245o0308o
58245.374314  19.954  0.563    38   21 o  0   1.23 190.99104 -45.59583  1474.11  3831.25 2.07 1.94  44.3 -0.465 18.88 19.98 02a58245o0322o
58247.355746 -19.184  1.064   -77   82 o  0   1.55 190.99104 -45.59583  9799.95  7250.07 3.94 3.23 -82.8 -0.420 17.05 18.55 01a58247o0008o
58247.362650  20.033  1.259    35   44 o  0   1.26 190.99104 -45.59583   279.73  7325.44 3.53 3.25 -76.9 -0.390 17.82 19.32 01a58247o0023o
58247.363566  19.989  1.246    37   46 o  0   1.28 190.99104 -45.59583  9750.62  7201.86 3.87 3.14 -85.9 -0.419 18.03 19.49 01a58247o0025o
58247.370499  19.236  0.340    73   25 o  0   1.49 190.99104 -45.59583   314.34  7393.50 3.47 3.13 -87.2 -0.391 18.58 20.02 01a58247o0040o
58247.371413  21.863  5.000     6   33 o  0   1.31 190.99104 -45.59583  9728.80  7348.37 4.09 3.11 -84.1 -0.415 18.47 19.87 01a58247o0042o
58247.378317  19.206  0.582    75   44 o  0   0.87 190.99104 -45.59583   264.30  7349.89 3.36 2.92 -83.3 -0.404 18.04 19.38 01a58247o0057o
58247.386124  20.235  0.949    29   28 o  0   1.97 190.99104 -45.59583   239.52  7498.81 3.57 3.17  90.0 -0.391 18.42 19.81 01a58247o0074o
58250.367120 -21.380  1.263   -10   13 c  0   2.30 190.99104 -45.59583  7676.94  4309.07 2.74 2.56  82.7 -0.400 19.24 20.79 02a58250o0271c
58250.374920  22.127  2.464     5   13 c  0   1.49 190.99104 -45.59583  7652.63  4269.70 2.88 2.63  78.2 -0.400 19.26 20.85 02a58250o0288c
58250.382735 -20.328  0.429   -27   12 c  0   1.67 190.99104 -45.59583  7721.47  4344.82 2.76 2.56  80.6 -0.410 19.31 20.84 02a58250o0305c
58250.390542 -19.567  0.291   -54   16 c  0   0.92 190.99104 -45.59583  7736.96  4227.50 2.69 2.50  85.2 -0.411 19.26 20.79 02a58250o0322c
58251.317939 -20.874  1.315   -16   21 o  0   1.78 190.99104 -45.59583  9188.62  6349.89 3.56 2.81 -82.2 -0.462 18.97 20.60 01a58251o0166o
58251.325745  21.108  1.455    13   19 o  0   1.80 190.99104 -45.59583  9210.13  6419.25 3.85 2.89 -83.6 -0.440 18.98 20.58 01a58251o0183o
58251.333637 -19.297  0.302   -69   21 o  0   1.45 190.99104 -45.59583  9160.55  6370.78 3.92 2.86 -84.5 -0.441 19.00 20.58 01a58251o0200o
58251.341456 -20.353  0.713   -26   19 o  0   1.81 190.99104 -45.59583  9151.68  6518.53 4.14 2.97 -87.3 -0.433 19.00 20.56 01a58251o0217o
58257.353434  21.729  3.583     7   26 c  0   1.40 190.99104 -45.59583  8287.26  4641.86 3.70 3.02  77.1 -0.391 18.41 21.20 02a58257o0259c
58257.361236 -22.745 11.250    -3   33 c  0   0.95 190.99104 -45.59583  8262.18  4602.18 3.95 3.34  83.0 -0.385 18.34 21.19 02a58257o0276c
58257.369066 -20.037  0.732   -35   26 c  0   1.40 190.99104 -45.59583  8332.61  4676.27 3.71 3.10  88.6 -0.397 18.42 21.17 02a58257o0293c
58257.376885 -23.265 15.333    -2   28 c  0   1.42 190.99104 -45.59583  8347.74  4558.85 3.64 2.94  84.9 -0.410 18.40 21.08 02a58257o0310c
58259.333539 -21.492  2.484    -9   23 o  0   1.92 190.99104 -45.59583  9603.47  6295.73 4.08 3.13  89.3 -0.408 18.77 20.17 01a58259o0221o
58259.341386 -19.024  0.286   -89   26 o  0   1.44 190.99104 -45.59583  9635.00  6367.65 4.60 3.79 -87.8 -0.391 18.62 20.18 01a58259o0238o
58259.348282 -20.575  1.011   -21   22 o  0   1.54 190.99104 -45.59583   122.04  6459.62 3.37 2.99 -89.0 -0.412 18.76 20.21 01a58259o0253o
58259.349200 -20.713  1.328   -19   25 o  0   1.40 190.99104 -45.59583  9580.23  6320.10 4.23 3.25 -84.9 -0.419 18.78 20.15 01a58259o0255o
58259.356080 -20.525  0.905   -22   20 o  0   1.30 190.99104 -45.59583   152.18  6527.87 3.45 2.89  88.9 -0.400 18.79 20.24 01a58259o0270o
58259.356996  22.790  9.111     3   25 o  0   1.26 190.99104 -45.59583  9552.66  6466.28 4.20 3.09 -87.7 -0.425 18.74 20.17 01a58259o0272o
58259.363911  19.267  0.386    71   28 o  0   1.26 190.99104 -45.59583    98.40  6484.03 3.53 3.12  80.4 -0.378 18.79 20.21 01a58259o0287o
58259.371725 -19.107  0.421   -83   35 o  0   0.86 190.99104 -45.59583    72.30  6632.79 3.85 3.38 -86.2 -0.356 18.59 20.16 01a58259o0304o
58261.333823  20.631  0.841    20   17 o  0   1.41 190.99104 -45.59583  8368.09  5586.63 2.35 2.22  51.0 -0.429 18.81 19.50 02a58261o0239o
58261.341617  23.314  9.357     2   16 o  0   1.99 190.99104 -45.59583  8357.83  5547.45 2.27 2.15  73.8 -0.438 18.83 19.49 02a58261o0256o
58261.349416  23.764 18.778     1   21 o  0   1.12 190.99104 -45.59583  8413.37  5622.39 2.29 2.18  79.7 -0.439 18.84 19.47 02a58261o0273o
58261.357218 -20.107  0.566   -33   19 o  0   1.16 190.99104 -45.59583  8442.29  5504.68 2.27 2.15  80.9 -0.441 18.82 19.45 02a58261o0290o
58263.341140 -17.992  0.555  -231  128 o  0   1.32 190.99104 -45.59583  1450.26  4987.34 2.95 2.78 -64.7 -0.475 16.95 18.06 01a58263o0229o
58263.348952 -13.057  0.727 -21735 15807 o  0   1.05 190.99104 -45.59583  1465.76  5058.20 19.97 7.93   3.9 -0.136 13.46 14.12 01a58263o0246o
58263.356787  15.203  0.382  3012 1150 o  0   1.13 190.99104 -45.59583  1411.01  5012.58 2.98 2.95  14.2 -0.434 14.89 15.72 01a58263o0263o
58263.364603 -15.956  3.288 -1505 4948 o  0   1.13 190.99104 -45.59583  1397.58  5160.61 18.68 8.59 -87.1 -0.136 14.53 15.04 01a58263o0280o
58273.324288  18.917  0.571    98   56 o  0   0.95 190.99104 -45.59583  8719.47  4314.69 2.68 2.11  88.8 -0.454 17.77 19.89 02a58273o0189o
58273.332107 -19.008  2.516   -91  228 o  0   1.30 190.99104 -45.59583  8708.41  4275.36 2.82 2.26  89.0 -0.447 16.14 18.25 02a58273o0206o
58273.339476  18.849  1.293   105  136 o  0   1.57 190.99104 -45.59583  8764.01  4349.94 2.69 2.11 -88.3 -0.461 16.71 18.66 02a58273o0222o
58273.347296  19.056  3.129    87  271 o  0   0.86 190.99104 -45.59583  8793.53  4231.25 2.91 2.30  89.9 -0.444 17.33 19.16 02a58273o0239o
58274.309498 -20.236  0.719   -29   21 o  0   1.14 190.99104 -45.59583  9211.35  3963.28 2.75 2.53  60.7 -0.416 18.97 20.12 02a58274o0162o
58274.318882 -19.384  0.608   -64   39 o  0   0.99 190.99104 -45.59583  9226.52  3942.42 3.42 2.93  81.0 -0.412 18.29 20.60 02a58274o0178o
58274.332597  19.719  0.784    47   37 o  0   1.15 190.99104 -45.59583  9175.62  3924.65 3.44 2.89  85.4 -0.413 18.29 20.47 02a58274o0208o
58274.337270  21.044  2.769    14   38 o  0   1.19 190.99104 -45.59583  9257.05  3999.02 3.35 2.89  85.4 -0.420 18.24 20.40 02a58274o0216o
58275.309948  21.249  1.690    12   19 o  0   1.52 190.99104 -45.59583  2634.04  6786.27 2.99 2.65 -87.5 -0.479 19.00 20.38 01a58275o0184o
58275.317808  20.808  1.268    17   22 o  0   1.20 190.99104 -45.59583  2648.54  6856.00 3.16 2.70 -89.1 -0.467 18.99 20.36 01a58275o0201o
58275.325693  20.330  0.750    27   20 o  0   1.58 190.99104 -45.59583  2594.11  6811.02 3.22 2.83 -88.1 -0.452 18.95 20.38 01a58275o0218o
58275.333560  20.130  0.675    32   22 o  0   1.33 190.99104 -45.59583  2580.06  6958.48 3.10 2.76  89.3 -0.465 18.93 20.33 01a58275o0235o
58279.310746 -21.284  1.750   -11   20 o  0   1.12 190.99104 -45.59583  1974.82  5870.66 2.93 2.74 -85.7 -0.484 19.04 20.66 01a58279o0158o
58279.318603  19.691  0.374    48   18 o  0   1.47 190.99104 -45.59583  2002.19  5939.17 3.19 2.75  88.5 -0.459 18.98 20.61 01a58279o0175o
58279.326029  20.032  0.541    35   19 o  0   1.60 190.99104 -45.59583  1946.05  5892.85 3.24 2.80  89.3 -0.470 18.95 20.52 01a58279o0191o
58281.294083 -19.246  0.296   -73   22 c  0   1.44 190.99104 -45.59583   317.50  3651.02 3.98 3.57  68.4 -0.343 18.42 21.18 02a58281o0070c
58281.301437 -21.462  2.059    -9   19 c  0   1.45 190.99104 -45.59583   306.56  3609.39 3.56 3.14  69.5 -0.371 18.51 21.11 02a58281o0086c
58281.308833 -19.631  0.464   -51   24 c  0   1.39 190.99104 -45.59583   364.10  3688.65 3.38 2.90  66.9 -0.404 18.54 21.00 02a58281o0102c
58281.309793 -21.663  3.857    -8   30 c  0   0.99 190.99104 -45.59583  9801.00  3729.83 3.74 3.09  85.5 -0.378 18.67 21.19 02a58281o0104c
58281.317158  20.893  1.760    16   28 c  0   1.25 190.99104 -45.59583  9789.73  3691.24 3.92 3.29  82.5 -0.372 18.50 21.11 02a58281o0120c
58281.325017 -19.517  0.495   -57   28 c  0   1.48 190.99104 -45.59583  9845.93  3765.27 3.74 3.00  86.0 -0.410 18.55 21.02 02a58281o0137c
58283.305472 -20.592  0.989   -21   21 o  0   1.46 190.99104 -45.59583  1939.07  6933.25 3.00 2.95 -51.6 -0.450 18.90 20.50 01a58283o0124o
58283.312875  19.021  0.218    90   20 o  0   1.37 190.99104 -45.59583  1949.99  6971.40 3.16 2.92 -84.8 -0.463 18.94 20.50 01a58283o0140o
58283.320766  19.694  0.443    48   21 o  0   1.31 190.99104 -45.59583  1891.26  6897.26 3.34 3.12 -84.9 -0.434 18.90 20.47 01a58283o0157o
58285.278286 -20.264  0.479   -28   14 c  0   1.28 190.99104 -45.59583  1448.31  3274.30 2.69 2.49  51.6 -0.414 19.21 20.80 02a58285o0079c
58285.286313 -19.709  0.391   -48   19 c  0   1.26 190.99104 -45.59583  1435.89  3234.55 2.67 2.50  53.2 -0.415 19.04 20.66 02a58285o0096c
58285.294265 -19.734  0.333   -46   16 c  0   1.22 190.99104 -45.59583  1492.67  3312.88 2.70 2.52  61.0 -0.410 19.20 20.83 02a58285o0113c
58285.302235  23.137  6.167     2   12 c  0   1.84 190.99104 -45.59583  1508.64  3195.23 2.69 2.48  60.7 -0.415 19.30 20.92 02a58285o0130c
58287.295529 -23.317 14.000    -2   24 o  0   1.20 190.99104 -45.59583  2816.82  4994.52 2.88 2.65  -4.8 -0.479 18.58 19.75 01a58287o0121o
58287.302950 -21.760  4.172    -7   30 o  0   1.08 190.99104 -45.59583  2829.57  5031.35 2.83 2.68 -79.9 -0.484 18.58 19.74 01a58287o0137o
58291.274288 -19.880  1.117   -41   45 o  0   1.40 190.99104 -45.59583  9079.15  7039.87 2.92 2.74 -88.7 -0.481 18.40 19.28 01a58291o0077o
58291.282172 -20.628  2.488   -20   51 o  0   1.33 190.99104 -45.59583  9106.26  7078.74 3.53 2.75 -85.0 -0.457 18.34 19.26 01a58291o0094o
58299.275568 -20.253  1.016   -29   29 o  0   1.30 190.99104 -45.59583  2758.46  8388.61 3.16 2.95 -86.8 -0.445 18.63 19.87 01a58299o0082o
58491.613873  20.248  0.453    29   13 o  0   2.09 190.99104 -45.59583  3219.38  2353.92 3.52 3.32  21.8 -0.429 19.17 21.35 01a58491o0902o
58491.623557  20.088  0.471    34   16 o  0   1.31 190.99104 -45.59583  3192.84  2280.96 3.93 3.56  61.9 -0.437 19.07 21.31 01a58491o0923o
58491.627708 -22.608  5.125    -3   17 o  0   1.48 190.99104 -45.59583  4341.26  9094.63 4.31 3.69  84.0 -0.401 18.96 21.21 01a58491o0932o
58491.634155  20.764  0.927    18   17 o  0   1.43 190.99104 -45.59583  4376.30  9110.30 4.34 3.74  86.9 -0.400 18.88 21.17 01a58491o0946o
58491.634614 -20.913  0.960   -16   15 o  0   1.53 190.99104 -45.59583  3237.31  2320.91 3.80 3.62  36.0 -0.412 19.12 21.30 01a58491o0947o
58491.636456  19.900  0.435    40   17 o  0   1.67 190.99104 -45.59583  4318.79  9023.52 4.53 3.81  85.7 -0.393 18.79 21.16 01a58491o0951o
58491.643828  21.877  2.048     6   13 o  0   2.23 190.99104 -45.59583  3240.03  2169.85 3.75 3.53  50.0 -0.426 19.17 21.31 01a58491o0967o
58491.644750  21.706  2.263     8   17 o  0   1.63 190.99104 -45.59583  4393.06  8954.25 3.87 3.48  80.1 -0.419 18.81 21.08 01a58491o0969o
58493.613037  20.045  1.256    35   44 c  0   1.01 190.99104 -45.59583 10469.32  1689.57 2.89 2.65 -83.4 -0.428 18.09 20.76 02a58493o0901c
58493.616695 -21.392  2.067   -10   21 c  0   1.47 190.99104 -45.59583  2116.27  8404.49 2.78 2.71   3.2 -0.416 18.86 21.24 02a58493o0909c
58493.620814  18.804  0.449   109   49 c  0   1.14 190.99104 -45.59583 10493.87  1731.43 3.29 2.98 -72.6 -0.401 17.86 20.69 02a58493o0918c
58493.627219 -22.142  4.400    -5   22 c  0   1.33 190.99104 -45.59583  2127.45  8442.08 2.76 2.70  17.4 -0.408 18.85 21.19 02a58493o0932c
58493.628134 -20.765  1.647   -18   30 c  0   1.74 190.99104 -45.59583 10436.34  1651.07 2.95 2.55 -70.6 -0.432 17.80 20.49 02a58493o0934c
58493.630879 -20.150  0.946   -32   30 c  0   1.11 190.99104 -45.59583   655.43  1660.65 3.10 2.65  50.4 -0.425 18.08 20.79 02a58493o0940c
58493.638209 -20.204  0.793   -30   24 c  0   1.17 190.99104 -45.59583  2070.66  8365.05 2.61 2.57  25.6 -0.417 18.86 21.20 02a58493o0956c
58493.639123 -19.664  0.667   -50   33 c  0   1.13 190.99104 -45.59583   680.77  1698.09 2.97 2.47  57.6 -0.456 18.01 20.66 02a58493o0958c
58493.647355  23.159 16.500     2   33 c  0   1.42 190.99104 -45.59583   621.71  1621.25 2.89 2.36  66.0 -0.446 17.84 20.51 02a58493o0976c
58493.648727 -22.044  4.867    -6   27 c  0   1.29 190.99104 -45.59583  2052.02  8482.36 2.63 2.58  70.1 -0.417 18.74 21.13 02a58493o0979c
58495.671357 -19.282  1.430   -70  100 o  0   1.59 190.99104 -45.59583  4664.81  6244.51 3.59 3.29 -85.8 -0.429 17.48 18.25 01a58495o1027o
58495.675088 -17.634  0.580  -321  186 o  0   1.04 190.99104 -45.59583  3305.15  1446.09 3.52 3.45 -41.0 -0.472 16.13 17.04 01a58495o1035o
58497.608106  20.062  0.472    34   16 o  0   1.78 190.99104 -45.59583 10464.84  1690.57 2.32 2.20  54.7 -0.474 19.35 20.80 02a58497o0892o
58497.612224  21.774  1.843     7   13 o  0   2.27 190.99104 -45.59583  6891.06 10325.80 2.34 2.10  44.2 -0.479 19.44 20.88 02a58497o0901o
58497.616351 -21.362  1.671   -10   17 o  0   2.18 190.99104 -45.59583 10489.68  1732.45 2.19 2.09  68.7 -0.483 19.36 20.81 02a58497o0910o
58497.623211 -24.356 26.600    -1   18 o  0   1.55 190.99104 -45.59583  6903.01 10365.28 2.23 2.01  35.7 -0.478 19.48 20.96 02a58497o0925o
58497.624582  20.261  0.606    29   17 o  0   1.35 190.99104 -45.59583 10433.12  1652.90 2.49 2.14  46.1 -0.478 19.37 20.85 02a58497o0928o
58497.626411 -20.165  0.637   -31   20 o  0   0.76 190.99104 -45.59583   651.36  1660.39 2.00 1.87  36.6 -0.540 19.36 20.83 02a58497o0932o
58497.630984 -21.336  1.476   -11   16 o  0   1.28 190.99104 -45.59583 10400.51  1770.36 2.17 2.08  71.4 -0.481 19.42 20.84 02a58497o0942o
58497.632357  20.846  0.943    17   16 o  0   1.20 190.99104 -45.59583  6844.95 10285.58 2.27 2.07  30.1 -0.479 19.47 20.94 02a58497o0945o
58497.633728  20.893  1.213    16   19 o  0   0.81 190.99104 -45.59583   676.59  1699.06 2.03 1.82  40.4 -0.549 19.39 20.84 02a58497o0948o
58497.642445  19.711  0.383    47   18 o  0   1.31 190.99104 -45.59583   617.78  1621.83 2.10 1.90  37.9 -0.536 19.37 20.86 02a58497o0967o
58497.643817  21.100  1.121    13   15 o  0   1.94 190.99104 -45.59583  6812.85 10403.07 2.29 2.06  42.2 -0.484 19.49 21.00 02a58497o0970o
58497.648846  19.876  0.386    41   16 o  0   1.46 190.99104 -45.59583   587.57  1741.55 1.90 1.78  37.8 -0.554 19.41 20.89 02a58497o0981o
58503.618432  20.263  1.278    28   36 o  0   1.41 190.99104 -45.59583  5064.97  2232.04 3.50 3.27 -82.1 -0.428 18.09 19.13 01a58503o0897o
58503.628749  19.326  1.010    68   68 o  0   1.12 190.99104 -45.59583  5723.21  8126.62 3.78 3.43 -74.1 -0.421 18.11 19.24 01a58503o0919o
58503.640179  19.639  0.851    51   43 o  0   1.16 190.99104 -45.59583  5093.79  2187.85 3.28 3.12 -33.1 -0.456 18.11 19.26 01a58503o0943o
58503.644972  20.319  2.458    27   66 o  0   1.34 190.99104 -45.59583  5670.35  8229.67 4.00 3.57 -79.9 -0.408 18.13 19.19 01a58503o0953o
58507.569420  21.452  3.600    10   34 o  0   1.33 190.99104 -45.59583  1377.30  2233.95 3.41 3.35  68.4 -0.425 18.34 19.39 01a58507o0770o
58519.587559 -20.961  1.294   -15   19 o  0   1.51 190.99104 -45.59583  9884.59  6438.65 4.99 3.67 -81.9 -0.381 19.02 21.29 01a58519o0832o
58519.592630 -20.654  0.877   -20   17 o  0   1.42 190.99104 -45.59583   646.86  6621.50 3.11 2.76 -89.2 -0.441 19.05 21.14 01a58519o0843o
58519.594472  20.338  0.783    27   21 o  0   1.12 190.99104 -45.59583  9898.58  6476.28 4.96 3.31 -82.8 -0.399 19.22 21.30 01a58519o0847o
58519.595394 -19.735  0.422   -46   20 o  0   1.12 190.99104 -45.59583  9842.25  6397.50 5.03 3.45 -83.4 -0.381 19.19 21.30 01a58519o0849o
58519.601380  19.751  0.409    46   19 o  0   1.32 190.99104 -45.59583  9817.29  6512.93 4.84 3.54 -81.1 -0.403 19.13 21.32 01a58519o0862o
58519.604144  21.629  2.031     8   16 o  0   1.42 190.99104 -45.59583   675.12  6656.76 3.46 2.87 -87.9 -0.420 19.19 21.28 01a58519o0868o
58519.614614 -22.643  4.333    -3   14 o  0   1.96 190.99104 -45.59583   605.95  6583.21 3.22 2.75 -81.4 -0.426 19.28 21.34 01a58519o0890o
58519.620140  20.263  0.524    28   15 o  0   1.78 190.99104 -45.59583   593.19  6699.56 3.37 2.84 -81.6 -0.423 19.25 21.34 01a58519o0902o
58523.576375  19.811  0.419    43   18 o  0   1.62 190.99104 -45.59583  7573.74  6029.05 3.63 2.98 -85.5 -0.428 18.81 20.61 01a58523o0665o
58523.588073 -20.191  0.680   -30   21 o  0   1.42 190.99104 -45.59583  3024.50  4602.51 3.47 3.12 -87.8 -0.440 18.65 20.82 01a58523o0690o
58523.598539 -21.008  1.111   -14   16 o  0   1.82 190.99104 -45.59583  2953.79  4527.08 3.45 2.94 -88.3 -0.445 18.92 21.06 01a58523o0712o
58523.604063  22.704  5.000     3   15 o  0   1.34 190.99104 -45.59583  2943.11  4642.78 3.43 2.91 -86.6 -0.444 19.03 21.11 01a58523o0724o
58527.548288  20.328  0.644    27   17 o  0   1.37 190.99104 -45.59583  2143.39   246.47 3.43 3.16  59.2 -0.425 19.15 20.98 01a58527o0716o
58531.579068 -20.446  1.657   -24   40 o  0   1.03 190.99104 -45.59583  3807.74  2595.01 3.57 3.38  75.6 -0.431 18.03 19.39 01a58531o0802o
58531.579530 -19.679  0.737   -49   36 o  0   1.22 190.99104 -45.59583  2344.61  1676.40 3.49 3.29  14.0 -0.432 17.97 19.37 01a58531o0803o
58531.583215  22.922 14.875     2   37 o  0   1.13 190.99104 -45.59583  3822.15  2632.41 3.42 3.28  69.6 -0.436 18.08 19.41 01a58531o0811o
58531.585054  19.215  0.536    75   40 o  0   1.10 190.99104 -45.59583  2372.48  1713.69 3.70 3.50  61.3 -0.429 17.94 19.40 01a58531o0815o
58531.594283 -20.982  2.265   -15   33 o  0   1.32 190.99104 -45.59583  3765.81  2555.53 3.51 3.41  56.4 -0.420 18.06 19.41 01a58531o0835o
58531.595201  20.068  1.075    34   37 o  0   1.23 190.99104 -45.59583  2302.12  1637.24 3.80 3.59  13.9 -0.412 18.05 19.41 01a58531o0837o
58531.606257  19.594  0.647    53   34 o  0   1.38 190.99104 -45.59583  2291.47  1752.97 3.76 3.52  66.9 -0.420 18.08 19.44 01a58531o0861o
58531.607177  19.453  0.538    60   32 o  0   1.14 190.99104 -45.59583  3755.09  2670.81 3.47 3.41  30.0 -0.415 18.22 19.41 01a58531o0863o
58539.548989 -20.044  0.771   -35   27 o  0   1.69 190.99104 -45.59583  9981.11  1580.49 3.89 3.18 -89.9 -0.444 18.45 19.75 01a58539o0715o
58539.557748 -21.998  5.067    -6   29 o  0   1.22 190.99104 -45.59583 10009.17  1618.88 4.26 3.44  87.6 -0.420 18.40 19.80 01a58539o0734o
58539.561925  21.084  1.960    13   26 o  0   1.25 190.99104 -45.59583  1418.34  4634.19 3.45 3.11  81.7 -0.443 18.54 19.86 01a58539o0743o
58539.566538 -20.053  0.802   -35   28 o  0   1.46 190.99104 -45.59583  9953.05  1539.18 4.35 3.48  87.3 -0.419 18.40 19.80 01a58539o0753o
58539.570684  19.771  0.601    45   27 o  0   1.21 190.99104 -45.59583  1433.36  4671.00 3.64 3.29  75.5 -0.439 18.51 19.90 01a58539o0762o
58539.575287  22.995 12.429     2   29 o  0   1.18 190.99104 -45.59583  9925.84  1655.14 3.91 3.41  89.9 -0.419 18.43 19.80 01a58539o0772o
58539.579433  21.767  3.583     7   26 o  0   1.35 190.99104 -45.59583  1377.51  4595.06 3.73 3.39  76.6 -0.442 18.48 19.90 01a58539o0781o
58539.588205 -22.163  6.133    -5   30 o  0   1.15 190.99104 -45.59583  1366.42  4710.70 3.89 3.74  79.9 -0.408 18.41 19.86 01a58539o0800o
58543.505887  21.744  3.333     7   24 o  0   2.07 190.99104 -45.59583 10394.69  1592.22 3.36 3.14  69.2 -0.462 18.55 20.51 01a58543o0619o
58543.517855  19.440  0.405    61   25 o  0   1.36 190.99104 -45.59583 10422.88  1629.67 3.40 3.09  77.1 -0.462 18.68 20.53 01a58543o0645o
58543.519235 -20.263  0.745   -28   21 o  0   1.67 190.99104 -45.59583  2179.22  8475.18 3.16 3.14  18.4 -0.442 18.96 20.72 01a58543o0648o
58543.524470  19.741  0.478    46   22 o  0   1.47 190.99104 -45.59583  9963.84  8840.22 3.41 2.97 -87.0 -0.433 18.84 20.73 01a58543o0659o
58543.526311 -24.032 16.750    -1   15 o  0   2.10 190.99104 -45.59583  8395.82  2080.17 3.11 2.99 -62.9 -0.432 19.14 20.86 01a58543o0663o
58543.528347 -21.157  1.472   -12   18 o  0   1.72 190.99104 -45.59583 10366.47  1550.23 3.40 2.97  83.9 -0.470 18.82 20.56 01a58543o0667o
58543.533409 -20.566  0.790   -22   17 o  0   1.55 190.99104 -45.59583 10340.45  1665.93 3.62 3.03 -89.1 -0.461 18.84 20.62 01a58543o0678o
58543.533870  21.827  3.667     7   25 o  0   1.32 190.99104 -45.59583   553.81  1726.58 3.61 3.10 -18.2 -0.437 18.64 20.54 01a58543o0679o
58543.534792 -24.388 27.000    -1   17 o  0   1.59 190.99104 -45.59583  2140.65  8438.05 2.97 2.93 -19.1 -0.453 19.13 20.82 01a58543o0681o
58543.536175 -20.499  0.984   -23   23 o  0   1.07 190.99104 -45.59583   610.85  1801.61 3.09 2.98 -34.1 -0.475 18.68 20.56 01a58543o0684o
58543.549731  20.452  0.657    24   16 o  0   1.82 190.99104 -45.59583  2149.41  8554.36 3.13 3.04 -46.7 -0.440 19.13 20.88 01a58543o0708o
58547.500759  21.875  8.571     6   55 o  0   1.22 190.99104 -45.59583 10395.88  1590.99 3.63 3.33  75.0 -0.453 17.92 19.91 01a58547o0626o
58547.505549  20.883  1.511    16   24 o  0   0.90 190.99104 -45.59583  3599.42   262.44 3.75 3.41 -12.2 -0.376 18.89 20.67 01a58547o0636o
58547.506470  19.311  0.409    68   28 o  0   1.23 190.99104 -45.59583   121.28  8907.76 3.14 2.95  84.0 -0.431 18.43 20.64 01a58547o0638o
58547.516069 -16.959  0.295  -598  176 o  0   2.07 190.99104 -45.59583 10366.24  1549.95 3.73 3.38  77.1 -0.436 16.33 18.27 01a58547o0658o
58547.517449  19.640  4.437    51  224 o  0   1.13 190.99104 -45.59583  7013.95 10336.13 4.06 3.57 -76.2 -0.413 16.64 18.40 01a58547o0661o
58547.519287 -17.382  0.347  -405  140 o  0   1.41 190.99104 -45.59583   582.06  1763.99 3.46 3.24 -15.9 -0.443 16.60 18.61 01a58547o0665o
58547.526367  19.285  0.857    70   60 o  0   1.06 190.99104 -45.59583  9934.72  8801.43 3.21 2.99  89.6 -0.429 17.09 19.15 01a58547o0680o
58547.528383  17.974  0.644   235  151 o  0   1.04 190.99104 -45.59583  6954.98 10256.64 3.75 3.29 -80.3 -0.437 17.39 19.06 01a58547o0684o
58547.529305 -17.549  0.494  -347  171 o  0   1.33 190.99104 -45.59583 10339.41  1666.00 3.73 3.48  84.1 -0.425 16.97 18.83 01a58547o0686o
58547.532533 -18.098  0.766  -209  160 o  0   0.92 190.99104 -45.59583  6934.12 10374.26 3.55 3.21 -80.9 -0.447 17.51 19.12 01a58547o0693o
58547.534836 -17.051  0.600  -549  329 o  0   1.12 190.99104 -45.59583   553.14  1725.86 3.25 3.11 -11.8 -0.442 15.73 17.52 01a58547o0698o
58551.519229 -17.585  1.390  -336  467 o  0   1.25 190.99104 -45.59583  5794.22  2549.30 3.24 3.05 -19.9 -0.440 15.07 17.19 01a58551o0664o
58551.524765  21.777  5.250     7   37 o  0   1.84 190.99104 -45.59583  4554.21  1601.65 3.09 2.93  -9.6 -0.446 17.45 19.45 01a58551o0676o
58551.534460  18.552  1.517   138  209 o  0   1.15 190.99104 -45.59583  4568.82  1639.58 3.27 3.22  -9.3 -0.432 16.78 18.86 01a58551o0697o
58551.538612 -17.788  2.204  -278  614 o  0   1.64 190.99104 -45.59583  5753.42  2508.87 3.29 3.14 -24.8 -0.434 15.65 17.64 01a58551o0706o
58555.525113  20.752  0.839    18   15 o  0   1.81 190.99104 -45.59583  6424.09  6447.52 3.58 3.35 -79.2 -0.419 18.99 20.78 01a58555o0673o
58555.534357 -18.334  0.285  -168   48 o  0   1.04 190.99104 -45.59583  6368.65  6369.69 3.94 3.65 -66.8 -0.392 17.59 19.42 01a58555o0693o
58555.538063 -18.044  0.350  -220   77 o  0   1.69 190.99104 -45.59583  5134.17  1548.56 3.77 3.68 -50.2 -0.398 16.58 18.61 01a58555o0701o
58559.475060  18.003  0.154   228   35 o  0   1.51 190.99104 -45.59583 10345.55 10359.36 3.45 3.12  71.7 -0.499 18.51 19.77 01a58559o0517o
58559.481044  17.717  0.127   297   38 o  0   1.00 190.99104 -45.59583 10361.31 10398.90 3.74 3.27  82.8 -0.488 18.54 19.76 01a58559o0530o
58559.484729  17.842  0.132   265   35 o  0   1.43 190.99104 -45.59583  4269.16   635.60 3.98 3.31 -14.8 -0.384 18.06 19.60 01a58559o0538o
58559.485190  17.579  0.104   338   35 o  0   0.95 190.99104 -45.59583  1399.33 10478.75 3.23 3.14 -76.4 -0.468 18.53 19.78 01a58559o0539o
58559.490741  17.694  0.103   304   31 o  0   1.28 190.99104 -45.59583 10304.76 10316.16 3.53 3.14  82.6 -0.491 18.51 19.76 01a58559o0551o
58559.492122  17.904  0.158   250   40 o  0   0.95 190.99104 -45.59583  4296.86   673.22 3.92 3.67 -19.0 -0.383 18.05 19.59 01a58559o0554o
58559.493502  17.828  0.157   268   42 o  0   1.14 190.99104 -45.59583  1427.09 10516.66 3.45 3.23 -82.4 -0.432 18.60 19.81 01a58559o0557o
58559.500868  17.479  0.100   370   37 o  0   1.07 190.99104 -45.59583  1372.26 10440.79 3.98 3.82 -78.2 -0.417 18.50 19.81 01a58559o0573o
58559.501329  17.601  0.107   331   36 o  0   1.14 190.99104 -45.59583  4226.48   595.51 4.26 3.87 -10.7 -0.358 18.03 19.57 01a58559o0574o
58559.502712  17.613  0.114   327   37 o  0   1.19 190.99104 -45.59583 10295.39 10432.44 3.91 3.51  78.3 -0.481 18.41 19.75 01a58559o0577o
58559.508136  17.741  0.111   291   32 o  0   1.52 190.99104 -45.59583  4216.77   714.71 3.90 3.60  -6.3 -0.391 18.11 19.59 01a58559o0588o
58567.450729  16.709  0.703   752  529 o  0   0.93 190.99104 -45.59583  8337.08   591.92 3.47 3.07 -12.6 -0.403 15.43 16.65 01a58567o0510o
58567.462247  16.463  0.079   944   74 o  0   1.23 190.99104 -45.59583  8364.57   629.90 3.51 3.14 -14.6 -0.406 16.96 17.83 01a58567o0535o
58567.472377  17.124  0.408   513  209 o  0   1.25 190.99104 -45.59583  8294.94   550.00 3.78 3.20 -12.0 -0.381 16.64 17.60 01a58567o0557o
58567.473297  16.556  0.075   866   65 o  0   1.23 190.99104 -45.59583  5151.02 10359.66 3.33 3.11 -71.2 -0.455 17.35 18.11 01a58567o0559o
58567.482195  17.060  0.401   544  218 o  0   0.94 190.99104 -45.59583  5096.01 10283.37 3.20 2.98 -73.9 -0.476 16.59 17.34 01a58567o0577o
58567.483576  16.981  0.440   586  258 o  0   1.19 190.99104 -45.59583  5084.47 10401.24 2.88 2.75 -57.3 -0.478 16.23 16.72 01a58567o0580o
58571.468926  16.605  0.028   828   23 o  0   1.23 190.99104 -45.59583  7412.96  2539.19 3.56 3.35  -9.1 -0.400 18.78 20.39 01a58571o0473o
58571.472615  16.593  0.030   837   25 o  0   1.28 190.99104 -45.59583  6132.60  1575.87 3.79 3.62  -0.4 -0.404 18.62 20.36 01a58571o0481o
58571.473075  16.538  0.026   881   23 o  0   1.73 190.99104 -45.59583  7427.50  2576.66 3.99 3.61  -8.2 -0.402 18.71 20.38 01a58571o0482o
58571.479528  16.617  0.027   818   22 o  0   1.45 190.99104 -45.59583  6146.91  1613.69 3.43 3.23  -1.4 -0.417 18.75 20.36 01a58571o0496o
58571.482762  16.610  0.029   824   24 o  0   1.20 190.99104 -45.59583  7371.75  2498.76 3.60 3.52  -7.7 -0.399 18.76 20.40 01a58571o0503o
58571.488293  16.530  0.029   887   25 o  0   1.45 190.99104 -45.59583  6091.18  1535.35 4.09 3.81 -10.1 -0.386 18.65 20.39 01a58571o0515o
58571.495668  16.736  0.047   734   35 o  0   1.04 190.99104 -45.59583  7359.92  2613.74 5.56 5.35 -43.0 -0.372 18.23 20.41 01a58571o0531o
58571.496130  16.791  0.051   698   36 o  0   1.17 190.99104 -45.59583  6065.76  1652.26 6.64 6.22 -21.6 -0.275 18.07 20.35 01a58571o0532o
58575.468830  17.355  1.469   415  610 o  0   0.01 190.99104 -45.59583 10529.67  1558.01 3.31 3.03 -11.1 -0.428 18.77 20.23 01a58575o0544o
58575.469751  16.752  0.030   723   21 o  0   1.49 190.99104 -45.59583  1809.94  2678.99 3.18 3.07  -8.9 -0.430 18.80 20.31 01a58575o0546o
58575.471592  17.174  0.050   490   24 o  0   1.96 190.99104 -45.59583   126.83  1794.05 3.57 3.44 -16.0 -0.412 18.64 20.27 01a58575o0550o
58575.477581  16.852  0.051   660   33 o  0   1.51 190.99104 -45.59583 10503.59  1674.07 3.77 3.44 -88.0 -0.411 18.61 20.09 01a58575o0563o
58575.478500  16.749  0.033   725   24 o  0   1.34 190.99104 -45.59583  1838.47  2716.04 3.34 3.25  -5.1 -0.412 18.70 20.19 01a58575o0565o
58575.480346  16.731  0.038   737   28 o  0   1.20 190.99104 -45.59583   142.12  1831.69 3.22 3.16 -21.6 -0.452 18.67 20.13 01a58575o0569o
58575.487275  16.838  0.036   668   24 o  0   1.34 190.99104 -45.59583  1768.35  2640.43 3.18 3.00 -10.2 -0.425 18.77 20.15 01a58575o0584o
58575.489117  16.805  0.041   689   28 o  0   1.26 190.99104 -45.59583    84.56  1755.62 3.24 3.07 -21.3 -0.438 18.69 20.12 01a58575o0588o
58575.496034  16.721  0.031   744   23 o  0   1.28 190.99104 -45.59583  1757.74  2756.06 3.18 3.02  -9.7 -0.428 18.79 20.12 01a58575o0603o
58575.497873  16.737  0.040   733   29 o  0   1.73 190.99104 -45.59583    60.70  1872.97 3.01 2.88  81.8 -0.483 18.77 20.09 01a58575o0607o
58577.446306  16.911  0.026   625   16 c  0   2.03 190.99104 -45.59583  2197.66   187.71 2.94 2.57 -70.0 -0.376 19.31 21.22 02a58577o0487c
58577.454101  16.834  0.024   670   16 c  0   1.89 190.99104 -45.59583  2171.56   147.82 2.87 2.49 -69.8 -0.370 19.34 21.21 02a58577o0504c
58577.456844  16.931  0.027   614   16 c  0   1.88 190.99104 -45.59583  8215.52  8941.81 2.87 2.77  84.8 -0.394 19.25 21.08 02a58577o0510c
58577.462332  16.870  0.025   649   16 c  0   1.63 190.99104 -45.59583  8203.62  8903.68 2.89 2.77 -71.8 -0.399 19.24 21.08 02a58577o0522c
58577.464619  16.833  0.027   671   18 c  0   1.44 190.99104 -45.59583  2243.86   230.53 3.18 2.71 -65.5 -0.366 19.28 21.22 02a58577o0527c
58577.468734  16.853  0.027   659   18 c  0   1.45 190.99104 -45.59583  2256.65   113.01 2.86 2.35 -63.6 -0.367 19.38 21.21 02a58577o0536c
58577.471935  16.826  0.025   676   17 c  0   1.38 190.99104 -45.59583  8259.50  8980.76 2.95 2.79 -67.9 -0.394 19.28 21.07 02a58577o0543c
58577.483824  16.868  0.027   650   18 c  0   1.46 190.99104 -45.59583  8287.81  8864.19 2.92 2.76  71.5 -0.392 19.21 21.00 02a58577o0569c
58579.438958  17.144  0.046   504   23 o  0   1.33 190.99104 -45.59583  3692.30  8412.22 3.48 3.42 -34.4 -0.397 18.88 20.55 01a58579o0441o
58579.442649  17.177  0.052   489   26 o  0   1.46 190.99104 -45.59583  2102.73  1691.79 4.04 3.61 -13.9 -0.353 18.51 20.27 01a58579o0449o
58579.447251  17.149  0.046   502   23 o  0   1.66 190.99104 -45.59583  3707.23  8449.39 3.76 3.70  67.4 -0.425 18.85 20.46 01a58579o0459o
58579.449092  16.996  0.041   577   24 o  0   1.97 190.99104 -45.59583  2116.78  1729.77 3.75 3.51 -11.2 -0.400 18.52 20.24 01a58579o0463o
58579.457844  16.939  0.040   609   24 o  0   1.88 190.99104 -45.59583  2059.41  1652.97 4.12 3.74  -8.2 -0.358 18.56 20.23 01a58579o0482o
58579.458305  17.113  0.046   518   24 o  0   1.65 190.99104 -45.59583  3653.09  8371.54 3.64 3.53 -20.6 -0.393 18.78 20.39 01a58579o0483o
58579.468893  17.088  0.043   531   23 o  0   1.65 190.99104 -45.59583  3627.97  8487.62 3.64 3.61 -65.8 -0.396 18.78 20.35 01a58579o0506o
58579.469355  17.018  0.045   566   25 o  0   1.42 190.99104 -45.59583  2035.57  1769.55 4.24 3.79  -8.0 -0.368 18.55 20.22 01a58579o0507o
58581.460846  17.190  0.030   483   15 c  0   1.87 190.99104 -45.59583  6690.98  7993.10 2.83 2.62  51.0 -0.393 19.26 20.98 02a58581o0508c
58581.462688  17.162  0.035   496   18 c  0   1.21 190.99104 -45.59583  8133.83  8942.94 2.94 2.65  49.3 -0.387 19.25 20.95 02a58581o0512c
58581.470009  17.193  0.033   482   16 c  0   1.54 190.99104 -45.59583  6678.28  7955.14 3.02 2.53  48.7 -0.387 19.19 20.94 02a58581o0528c
58581.471380  17.193  0.030   482   14 c  0   2.84 190.99104 -45.59583  8107.70  8905.31 2.81 2.70  76.7 -0.397 19.20 20.93 02a58581o0531c
58581.479258  17.199  0.032   479   15 c  0   1.87 190.99104 -45.59583  6734.27  8032.58 3.08 2.51  46.4 -0.380 19.21 20.92 02a58581o0548c
58581.481088  17.160  0.032   496   16 c  0   1.50 190.99104 -45.59583  8177.63  8982.39 2.90 2.78  76.3 -0.391 19.19 20.91 02a58581o0552c
58583.442058  17.228  0.054   466   25 o  0   1.06 190.99104 -45.59583  8844.04  4483.93 3.74 3.53 -74.6 -0.409 18.67 20.23 01a58583o0349o
58583.443945  17.217  0.052   471   24 o  0   1.17 190.99104 -45.59583  7813.13  1566.25 3.52 3.37 -36.9 -0.410 18.62 20.21 01a58583o0353o
58583.451343  17.188  0.047   484   23 o  0   1.19 190.99104 -45.59583  8871.91  4523.66 3.20 3.06 -72.7 -0.434 18.86 20.27 01a58583o0369o
58583.453189  17.234  0.042   464   19 o  0   1.73 190.99104 -45.59583  7826.80  1605.00 3.48 3.17 -18.2 -0.397 18.74 20.18 01a58583o0373o
58583.460561  17.243  0.042   460   20 o  0   2.01 190.99104 -45.59583  8802.18  4444.51 3.32 3.06 -79.8 -0.433 18.84 20.25 01a58583o0389o
58583.462429  17.203  0.048   477   23 o  0   1.31 190.99104 -45.59583  7770.85  1526.21 3.70 3.26 -19.4 -0.388 18.71 20.16 01a58583o0393o
58583.470279  17.246  0.054   459   25 o  0   1.33 190.99104 -45.59583  8791.17  4559.92 3.69 3.44 -70.8 -0.412 18.68 20.19 01a58583o0410o
58597.377260  17.747  0.149   289   43 o  0   1.23 190.99104 -45.59583  3659.83   228.10 2.51 2.16 -79.3 -0.454 18.57 20.70 02a58597o0334o
58597.384122  17.646  0.122   318   39 o  0   1.35 190.99104 -45.59583  3646.24   188.99 2.57 2.24 -65.9 -0.449 18.56 20.67 02a58597o0349o
58597.391351  17.895  0.153   252   38 o  0   1.11 190.99104 -45.59583  3700.33   267.28 2.61 2.29 -65.9 -0.448 18.56 20.53 02a58597o0364o
58597.398791  17.437  0.086   385   33 o  0   1.76 190.99104 -45.59583  3728.63   152.00 2.47 2.17 -63.3 -0.432 18.61 20.30 02a58597o0380o
58599.405881  17.837  0.064   266   17 o  0   1.39 190.99104 -45.59583  6888.57  4477.89 3.24 2.97 -13.0 -0.426 19.22 20.99 01a58599o0394o
58599.414198  17.934  0.072   243   18 o  0   1.73 190.99104 -45.59583  6915.05  4515.87 3.24 2.92  -4.9 -0.423 19.15 20.96 01a58599o0412o
58599.422049  17.712  0.058   299   18 o  0   1.43 190.99104 -45.59583  6844.83  4438.79 2.82 2.74 -19.1 -0.453 19.26 20.86 01a58599o0429o
58599.430355  17.757  0.050   286   14 o  0   2.21 190.99104 -45.59583  6832.98  4553.92 3.27 2.83  -6.6 -0.423 19.25 20.89 01a58599o0447o
58605.407870  19.015  0.192    90   17 c  0   1.18 190.99104 -45.59583  4167.73  4125.60 2.91 2.51  52.9 -0.379 19.17 21.07 02a58605o0362c
58605.411641  18.366  0.105   164   17 c  0   1.39 190.99104 -45.59583  5298.57  8969.88 3.06 2.53  49.0 -0.373 19.12 20.95 02a58605o0370c
58605.417375  18.715  0.114   119   14 c  0   1.82 190.99104 -45.59583  4156.33  4087.32 2.65 2.49  85.0 -0.389 19.16 21.02 02a58605o0382c
58605.426644  18.751  0.129   115   15 c  0   1.64 190.99104 -45.59583  4211.48  4165.25 2.69 2.53 -87.0 -0.389 19.03 20.87 02a58605o0402c
58607.380482 -16.783  0.685  -703  481 o  0   1.08 190.99104 -45.59583   278.96  8595.98 4.64 4.14 -10.4 -0.460 16.07 18.12 01a58607o0336o
58607.389229 -16.426  0.457  -977  446 o  0   0.90 190.99104 -45.59583  9301.20  8449.00 5.16 4.26   5.1 -0.475 16.40 18.46 01a58607o0355o
58607.409721 -15.462  0.189 -2373  448 o  0   1.16 190.99104 -45.59583   227.69  8674.20 4.71 4.39 -28.0 -0.353 15.59 17.58 01a58607o0398o
58609.362441  20.227  0.949    29   28 c  0   1.16 190.99104 -45.59583   327.39   101.22 3.42 2.81 -69.6 -0.342 18.65 20.65 02a58609o0179c
58609.369360 -18.514  0.266  -143   38 c  0   1.99 190.99104 -45.59583   314.11    60.90 3.25 2.59 -73.3 -0.367 18.76 20.72 02a58609o0194c
58609.373495  18.003  0.207   228   47 c  0   1.26 190.99104 -45.59583  9274.40   162.51 3.29 2.85 -60.8 -0.362 18.51 20.56 02a58609o0203c
58609.380395  19.991  1.318    37   48 c  0   0.92 190.99104 -45.59583  9247.34   124.68 3.44 3.04 -58.9 -0.357 18.57 20.67 02a58609o0218c
58609.387756  19.744  0.769    46   35 c  0   1.81 190.99104 -45.59583  9301.89   202.02 3.36 3.01 -60.3 -0.369 18.61 20.72 02a58609o0234c
58611.329766  18.153  0.132   199   26 o  0   1.26 190.99104 -45.59583  4645.48  4130.93 3.52 2.90 -15.3 -0.426 18.60 20.27 01a58611o0208o
58611.331707  18.122  0.126   205   26 o  0   1.27 190.99104 -45.59583  4666.03  4168.78 3.59 2.96 -15.9 -0.420 18.59 20.25 01a58611o0212o
58611.337423  18.141  0.124   201   25 o  0   1.40 190.99104 -45.59583  4605.44  4092.41 3.65 3.02 -14.5 -0.427 18.63 20.23 01a58611o0224o
58611.354863  18.204  0.112   190   21 o  0   1.24 190.99104 -45.59583  4582.46  4207.55 3.53 3.03 -14.9 -0.418 18.87 20.30 01a58611o0260o
58613.324425  18.497  0.137   145   20 o  0   1.50 190.99104 -45.59583  2187.69  8931.90 2.37 2.30  24.3 -0.414 19.02 19.95 02a58613o0202o
58619.328311  18.219  0.293   187   55 o  0   1.61 190.99104 -45.59583  3335.74  1647.69 4.06 3.03 -15.6 -0.385 17.48 18.36 01a58619o0205o
58619.328771  18.711  0.568   119   68 o  0   1.08 190.99104 -45.59583  4871.39  6056.50 3.43 2.90 -10.2 -0.392 17.91 18.70 01a58619o0206o
58619.331079  18.385  0.336   161   54 o  0   1.10 190.99104 -45.59583  3355.72  1685.94 3.79 2.92 -15.4 -0.397 17.63 18.38 01a58619o0211o
58619.331539  18.308  0.356   173   62 o  0   1.25 190.99104 -45.59583  4890.75  6094.40 3.41 2.96  -9.8 -0.397 17.93 18.73 01a58619o0212o
58619.337183  18.530  0.355   141   50 o  0   1.22 190.99104 -45.59583  3293.84  1609.80 3.79 2.99 -14.6 -0.389 17.65 18.42 01a58619o0224o
58619.337643  18.857  0.608   104   63 o  0   1.15 190.99104 -45.59583  4832.27  6017.92 3.31 2.88 -10.0 -0.395 17.92 18.74 01a58619o0225o
58619.348708  18.468  0.322   149   48 o  0   1.24 190.99104 -45.59583  3276.10  1725.58 3.54 2.92 -13.9 -0.398 17.77 18.50 01a58619o0249o
58619.349169  18.173  0.326   195   64 o  0   1.41 190.99104 -45.59583  4815.97  6132.61 3.36 2.97 -12.8 -0.399 17.93 18.73 01a58619o0250o
58621.327276  18.240  0.798   184  146 o  0   1.19 190.99104 -45.59583  6244.36  8968.05 2.79 2.23  39.6 -0.476 17.81 18.05 02a58621o0203o
58621.330074  18.190  0.673   192  129 o  0   1.59 190.99104 -45.59583  6224.02  8929.28 2.83 2.25  41.5 -0.453 17.85 18.05 02a58621o0209o
58621.338658  18.873  1.326   103  136 o  0   1.03 190.99104 -45.59583  6284.82  9010.00 2.75 2.20  42.8 -0.387 17.84 18.03 02a58621o0227o
58621.342088  18.835  0.464   106   49 o  0   0.90 190.99104 -45.59583  4956.49   640.35 2.27 2.12  83.3 -0.455 17.97 18.18 02a58621o0234o
58621.345057  18.965  0.508    94   48 o  0   0.98 190.99104 -45.59583  4938.65   599.86 2.34 2.12 -70.1 -0.453 17.97 18.17 02a58621o0240o
58621.348385  18.508  1.078   144  155 o  0   1.13 190.99104 -45.59583  6305.82  8893.36 2.83 2.17  45.0 -0.493 17.84 18.03 02a58621o0247o
58621.351732  18.439  0.283   153   43 o  0   1.47 190.99104 -45.59583  4994.57   678.68 2.28 2.10 -89.6 -0.440 17.95 18.15 02a58621o0254o
58621.362217  18.767  0.458   113   52 o  0   0.70 190.99104 -45.59583  5014.00   561.97 2.32 2.12 -77.6 -0.437 17.94 18.12 02a58621o0276o
58623.336493  19.555  0.775    55   42 o  0   1.13 190.99104 -45.59583  3333.06  1643.40 3.90 3.18 -15.4 -0.368 17.92 18.90 01a58623o0222o
58623.339333  19.945  1.042    38   40 o  0   1.13 190.99104 -45.59583  3353.70  1681.48 3.82 3.10 -12.1 -0.384 17.96 18.90 01a58623o0228o
58623.347187  18.718  0.383   118   45 o  0   0.86 190.99104 -45.59583  3291.78  1604.76 3.88 3.23 -16.2 -0.374 17.89 18.91 01a58623o0245o
58623.352310  18.672  0.432   123   53 o  0   1.23 190.99104 -45.59583  4870.34  6050.55 3.27 2.96 -12.9 -0.405 18.15 18.99 01a58623o0256o
58623.355099  18.966  0.514    94   48 o  0   1.67 190.99104 -45.59583  4889.81  6088.63 3.23 2.90 -15.8 -0.408 18.10 18.98 01a58623o0262o
58623.358335  20.116  1.301    33   42 o  0   1.23 190.99104 -45.59583  3273.56  1721.97 3.72 3.15 -17.0 -0.384 17.99 18.88 01a58623o0269o
58623.362098  18.265  0.319   180   57 o  0   1.04 190.99104 -45.59583  4831.42  6012.20 3.27 2.93 -14.6 -0.413 18.09 18.95 01a58623o0277o
58623.372366  18.971  0.554    94   52 o  0   1.64 190.99104 -45.59583  4813.85  6128.13 3.31 2.97 -16.9 -0.403 18.07 18.88 01a58623o0299o
58625.310193  18.658  0.144   125   18 o  0   1.28 190.99104 -45.59583  6244.93  8965.73 2.99 2.69  37.6 -0.406 19.10 20.56 02a58625o0155o
58625.313645  18.650  0.143   126   18 o  0   1.48 190.99104 -45.59583  6224.70  8930.87 3.29 3.05 -53.8 -0.409 19.00 20.55 02a58625o0162o
58625.320000  18.614  0.125   130   16 o  0   1.93 190.99104 -45.59583  6284.89  9004.22 2.74 2.45  42.4 -0.412 19.17 20.48 02a58625o0175o
58625.334062  19.303  0.290    69   20 o  0   1.18 190.99104 -45.59583  6305.33  8891.10 2.54 2.46 -76.4 -0.424 18.98 19.95 02a58625o0205o
58625.335435  18.807  0.160   109   18 o  0   1.58 190.99104 -45.59583  4956.06   638.40 2.31 2.16  89.1 -0.438 19.07 20.06 02a58625o0208o
58625.338298  18.785  0.224   111   25 o  0   0.79 190.99104 -45.59583  4937.87   598.81 2.29 2.13 -86.5 -0.443 19.10 19.97 02a58625o0214o
58625.343512  18.585  0.147   134   20 o  0   1.71 190.99104 -45.59583  4994.84   676.58 2.30 2.12 -79.5 -0.434 18.99 19.85 02a58625o0225o
58625.353360  18.431  0.145   154   22 o  0   1.29 190.99104 -45.59583  5015.27   560.27 2.61 2.25 -52.5 -0.440 18.81 19.67 02a58625o0246o
58627.241267  19.345  0.591    66   39 o  0   1.27 190.99104 -45.59583  1364.25  8370.24 3.08 2.64 -24.3 -0.448 18.30 19.42 01a58627o0030o
58627.242187  19.378  0.498    64   32 o  0   1.94 190.99104 -45.59583  8185.11  8900.69 3.16 2.80  -7.1 -0.423 18.37 19.52 01a58627o0032o
58627.244028  18.479  0.176   147   26 o  0   1.41 190.99104 -45.59583  1343.91  8331.07 2.88 2.71 -50.3 -0.463 18.60 19.87 01a58627o0036o
58627.262576  18.739  0.150   116   17 o  0   1.13 190.99104 -45.59583  8171.27  8858.23 3.24 2.79  -2.2 -0.419 18.92 20.66 01a58627o0075o
58627.263037  18.644  0.160   126   20 o  0   0.81 190.99104 -45.59583  1410.96  8408.73 3.19 2.74 -25.6 -0.425 18.88 20.69 01a58627o0076o
58627.265338  18.753  0.151   114   17 o  0   1.80 190.99104 -45.59583  8235.46  8935.72 3.18 2.77  -5.3 -0.423 18.96 20.67 01a58627o0081o
58627.275823  19.208  0.308    75   23 o  0   1.67 190.99104 -45.59583  9121.74  2245.98 3.78 2.94 -10.4 -0.400 18.56 20.56 01a58627o0103o
58627.276476  18.910  0.180    99   18 o  0   1.44 190.99104 -45.59583  8254.80  8817.52 3.29 2.80   0.9 -0.417 18.86 20.71 01a58627o0104o
58631.265774  19.105  0.207    83   17 o  0   1.61 190.99104 -45.59583  8174.51  8860.31 3.25 2.87  -1.5 -0.418 18.80 20.56 01a58631o0007o
58631.266234  19.665  0.405    49   20 o  0   1.40 190.99104 -45.59583  1413.65  8412.76 3.40 2.89 -24.2 -0.418 18.66 20.59 01a58631o0008o
58631.268534  18.710  0.187   119   22 o  0   1.20 190.99104 -45.59583  8240.40  8937.81 3.50 2.99  -6.0 -0.403 18.74 20.56 01a58631o0013o
58631.271293  19.232  0.299    74   22 o  0   1.28 190.99104 -45.59583  1437.88  8298.96 3.37 2.81 -19.7 -0.426 18.63 20.63 01a58631o0019o
58631.273641  19.094  0.227    84   19 o  0   1.30 190.99104 -45.59583  8258.63  8821.26 3.11 2.85  -7.9 -0.427 18.79 20.57 01a58631o0024o
58633.278466  20.073  0.350    34   12 c  0   2.17 190.99104 -45.59583  5009.18  8966.80 2.91 2.39  39.4 -0.376 19.31 20.95 02a58633o0107c
58633.279385  19.763  0.285    45   13 c  0   1.51 190.99104 -45.59583  3780.15  4600.44 2.79 2.30  44.7 -0.385 19.36 21.02 02a58633o0109c
58633.281238  19.237  0.173    73   13 c  0   1.38 190.99104 -45.59583  4989.53  8928.16 2.91 2.43  40.4 -0.376 19.33 20.96 02a58633o0113c
58633.282610  19.732  0.301    46   14 c  0   1.16 190.99104 -45.59583  3761.32  4561.48 2.80 2.27  45.3 -0.389 19.40 21.03 02a58633o0116c
58633.286314  19.599  0.244    52   13 c  0   1.43 190.99104 -45.59583  5049.95  9008.96 2.82 2.42  39.9 -0.383 19.30 20.97 02a58633o0124c
58633.288207  19.638  0.244    51   12 c  0   1.67 190.99104 -45.59583  3819.72  4639.83 2.78 2.29  44.9 -0.390 19.42 21.05 02a58633o0128c
58633.297478  19.735  0.271    46   13 c  0   1.24 190.99104 -45.59583  5071.41  8895.29 2.92 2.35  40.3 -0.375 19.33 21.00 02a58633o0148c
58633.298393  19.911  0.289    39   11 c  0   1.91 190.99104 -45.59583  3839.55  4526.83 2.84 2.31  44.4 -0.385 19.40 21.07 02a58633o0150c
58635.272911  19.275  0.319    71   23 o  0   1.33 190.99104 -45.59583  7602.36  1566.85 4.04 2.92 -15.3 -0.410 18.74 20.42 01a58635o0093o
58635.276174  20.673  1.061    20   21 o  0   1.49 190.99104 -45.59583  7623.26  1604.96 3.86 2.86 -11.7 -0.412 18.82 20.43 01a58635o0100o
58635.281294  21.549  2.200     9   19 o  0   1.59 190.99104 -45.59583  7561.10  1526.33 4.23 3.05 -10.9 -0.386 18.76 20.45 01a58635o0111o
58635.281755  19.028  0.198    89   18 o  0   1.70 190.99104 -45.59583  8716.62  5836.52 3.28 2.72  -6.2 -0.425 19.09 20.64 01a58635o0112o
58635.284540  19.014  0.211    90   19 o  0   1.34 190.99104 -45.59583  8736.04  5875.40 3.21 2.71  -4.1 -0.428 19.10 20.66 01a58635o0118o
58635.289643  18.928  0.170    97   16 o  0   1.49 190.99104 -45.59583  8676.28  5797.28 3.10 2.66  -4.2 -0.434 19.17 20.67 01a58635o0129o
58635.291065  19.390  0.280    64   18 o  0   1.58 190.99104 -45.59583  7543.15  1643.51 4.01 3.03  -9.8 -0.388 18.87 20.52 01a58635o0132o
58635.300865  19.730  0.402    47   19 o  0   1.09 190.99104 -45.59583  8660.13  5912.18 2.96 2.71  -8.4 -0.450 19.18 20.70 01a58635o0153o
58637.241747 -18.917  1.656   -98  163 c  0   2.05 190.99104 -45.59583  2320.93  7906.22 2.55 2.48  67.5 -0.436 16.73 17.45 02a58637o0021c
58637.243577 -19.932  1.954   -39   76 c  0   2.04 190.99104 -45.59583   751.03  1691.09 2.45 2.39  12.1 -0.452 17.04 17.79 02a58637o0025c
58637.244491  22.740 63.444     3  185 c  0   0.96 190.99104 -45.59583  2340.47  7943.92 2.58 2.54  65.7 -0.421 17.36 18.16 02a58637o0027c
58637.265309  19.699  0.333    48   16 c  0   1.39 190.99104 -45.59583  9852.80  8933.19 3.20 2.97 -55.5 -0.376 19.28 20.98 02a58637o0071c
58637.265766  21.206  0.831    12   10 c  0   2.44 190.99104 -45.59583  8258.05  2678.53 2.79 2.51  58.4 -0.380 19.40 21.08 02a58637o0072c
58637.271013  19.426  0.182    62   11 c  0   1.61 190.99104 -45.59583   659.38  1733.92 2.53 2.45 -51.7 -0.418 19.37 21.06 02a58637o0083c
58637.275399  19.899  0.276    40   11 c  0   1.17 190.99104 -45.59583  8275.01  2552.92 2.61 2.42  65.5 -0.390 19.45 21.19 02a58637o0092c
58641.243366  19.228  2.230    74  165 c  0   1.37 190.99104 -45.59583  2324.08  7906.67 2.90 2.49  36.6 -0.416 16.84 17.63 02a58641o0023c
58641.255500  19.679  0.347    49   17 c  0   1.52 190.99104 -45.59583  8202.56  2591.74 2.76 2.43  45.1 -0.373 18.94 20.13 02a58641o0049c
58641.258339  19.218  0.211    75   16 c  0   1.44 190.99104 -45.59583  8259.21  2671.45 2.68 2.56  59.4 -0.378 19.13 20.42 02a58641o0055c
58641.258797  19.935  0.487    38   19 c  0   1.26 190.99104 -45.59583  9791.69  8852.91 3.09 2.57  36.1 -0.373 19.03 20.34 02a58641o0056c
58641.262480  19.833  0.387    42   16 c  0   1.55 190.99104 -45.59583  9853.26  8924.09 3.01 2.53  37.7 -0.378 19.11 20.52 02a58641o0064c
58641.264485  19.662  0.299    50   15 c  0   1.20 190.99104 -45.59583  2253.87  7989.95 2.44 2.40  35.8 -0.365 19.28 20.66 02a58641o0068c
58641.267228  19.202  0.181    76   14 c  0   0.94 190.99104 -45.59583   658.45  1736.03 2.36 2.26  26.5 -0.416 19.24 20.60 02a58641o0074c
58643.241002  18.771  4.826   113  544 o  0   1.16 190.99104 -45.59583  4269.20  8984.73 3.36 3.03 -10.5 -0.433 16.16 17.45 01a58643o0020o
58643.241922 -19.211  1.585   -75  119 o  0   1.05 190.99104 -45.59583  3047.72   741.25 4.90 4.25 -24.8 -0.280 17.01 17.78 01a58643o0022o
58643.243972  22.652 28.400     3   90 o  0   0.99 190.99104 -45.59583  6298.37  1613.95 4.42 3.31 -16.2 -0.390 17.25 18.52 01a58643o0026o
58643.244433  18.519  0.462   142   66 o  0   1.49 190.99104 -45.59583  7575.72  9850.66 3.67 3.48  27.2 -0.392 17.52 18.47 01a58643o0027o
58643.249503 -20.759 10.778   -18  194 o  0   0.99 190.99104 -45.59583  6237.58  1536.60 4.89 3.55 -18.8 -0.368 16.61 18.06 01a58643o0038o
58643.250907  17.962  0.295   237   70 o  0   1.10 190.99104 -45.59583  7519.47  9772.19 3.38 3.22 -68.1 -0.414 17.47 18.54 01a58643o0041o
58643.259204  18.987  0.335    92   31 o  0   0.98 190.99104 -45.59583  6220.78  1652.10 4.46 3.34 -18.6 -0.391 18.43 19.87 01a58643o0059o
58643.267468  21.161  1.597    12   20 o  0   1.49 190.99104 -45.59583  7503.71  9887.32 2.87 2.82  35.2 -0.465 18.94 20.22 01a58643o0076o
58645.244996  18.059  1.605   217  348 o  0   0.82 190.99104 -45.59583  1460.04  8867.03 2.43 2.17  47.2 -0.466 17.27 17.15 02a58645o0027o
58645.247756 -19.470  0.897   -59   53 o  0   1.20 190.99104 -45.59583   523.83  2460.34 2.14 2.03 -66.5 -0.457 17.87 17.90 02a58645o0033o
58645.250499  19.481  1.394    58   82 o  0   1.31 190.99104 -45.59583  1520.08  8949.55 2.21 2.19  61.9 -0.525 18.14 18.34 02a58645o0039o
58645.250956  19.493  0.572    58   33 o  0   1.16 190.99104 -45.59583   504.89  2422.10 2.04 1.98  81.1 -0.479 18.30 18.52 02a58645o0040o
58645.255530  19.335  0.389    67   26 o  0   0.94 190.99104 -45.59583 10128.52  2465.20 2.04 1.96 -57.0 -0.513 18.65 19.09 02a58645o0050o
58645.255987  19.568  0.476    54   26 o  0   0.93 190.99104 -45.59583   563.05  2503.00 2.08 2.02 -87.1 -0.477 18.64 19.10 02a58645o0051o
58645.258823  19.164  0.331    78   26 o  0   0.96 190.99104 -45.59583 10110.03  2428.21 2.28 1.91 -55.2 -0.491 18.78 19.28 02a58645o0057o
58645.260204  19.401  0.590    63   37 o  0   1.16 190.99104 -45.59583  1541.81  8833.67 2.27 2.19  14.4 -0.454 18.69 19.22 02a58645o0060o
58645.265816  19.758  0.526    45   24 o  0   1.05 190.99104 -45.59583 10167.07  2502.09 2.15 2.05 -69.4 -0.468 18.80 19.42 02a58645o0072o
58645.267188  19.198  0.285    76   22 o  0   1.20 190.99104 -45.59583   582.27  2386.23 2.21 2.08 -68.5 -0.463 18.79 19.40 02a58645o0075o
58645.275974  19.366  0.347    65   23 o  0   1.28 190.99104 -45.59583 10187.43  2391.25 2.11 1.93 -56.7 -0.507 18.87 19.47 02a58645o0094o
58647.258012 -21.394  4.600   -10   46 o  0   1.05 190.99104 -45.59583  6274.26  1576.81 4.14 3.18 -12.4 -0.392 17.87 18.74 01a58647o0061o
58647.261777  19.156  0.511    79   40 o  0   1.31 190.99104 -45.59583  6294.98  1614.71 3.86 3.09 -11.2 -0.397 17.94 18.78 01a58647o0069o
58647.266941  19.422  0.724    62   45 o  0   0.99 190.99104 -45.59583  6233.18  1536.24 4.03 3.24  -9.2 -0.384 17.97 18.79 01a58647o0080o
58647.272997  18.749  0.340   115   39 o  0   1.31 190.99104 -45.59583  7556.08  9809.91 3.07 3.03 -27.1 -0.433 18.13 19.05 01a58647o0093o
58647.276241  19.379  0.541    64   35 o  0   1.68 190.99104 -45.59583  7576.23  9849.08 2.90 2.89 -33.4 -0.446 18.19 19.03 01a58647o0100o
58647.278104  19.886  1.089    40   44 o  0   1.12 190.99104 -45.59583  6215.42  1651.56 3.95 3.50 -14.1 -0.407 17.94 18.84 01a58647o0104o
58647.281336  18.597  0.338   132   45 o  0   1.16 190.99104 -45.59583  7517.88  9769.43 3.30 3.15 -77.1 -0.444 18.10 19.00 01a58647o0111o
58647.315656  18.955  0.485    95   46 o  0   1.02 190.99104 -45.59583  7501.88  9885.73 3.04 3.03  -6.3 -0.442 18.01 18.89 01a58647o0124o
58649.247947  18.018  0.885   225  199 o  0   0.88 190.99104 -45.59583  1484.70  8906.27 2.33 2.06  35.3 -0.438 17.34 17.29 02a58649o0033o
58649.253464  18.288  0.622   176  109 o  0   1.07 190.99104 -45.59583  1465.11  8867.55 2.26 2.05  38.6 -0.502 18.00 18.15 02a58649o0045o
58649.256268 -22.601 20.519    -3   68 o  0   1.93 190.99104 -45.59583  1525.53  8948.68 2.17 2.13 -53.5 -0.489 18.12 18.37 02a58649o0051o
58649.269148  19.130  0.871    81   70 o  0   1.22 190.99104 -45.59583  1548.12  8831.13 2.35 1.98  38.4 -0.462 18.22 18.58 02a58649o0079o
58649.272892  20.469  1.473    24   35 o  0   0.92 190.99104 -45.59583   530.28  2462.35 2.17 1.89  47.5 -0.467 18.28 18.68 02a58649o0087o
58649.275748  18.995  0.354    92   32 o  0   1.27 190.99104 -45.59583   511.90  2419.81 2.06 1.91  54.0 -0.483 18.36 18.68 02a58649o0093o
58649.276663  18.924  0.361    98   35 o  0   1.21 190.99104 -45.59583 10134.01  2470.84 2.04 1.94  54.8 -0.503 18.32 18.66 02a58649o0095o
58649.280039  19.103  0.361    83   30 o  0   1.28 190.99104 -45.59583 10115.48  2433.09 2.11 2.02  88.5 -0.475 18.30 18.65 02a58649o0102o
58649.280954  19.691  0.680    48   33 o  0   0.89 190.99104 -45.59583   569.61  2504.55 2.15 1.86  47.2 -0.492 18.35 18.66 02a58649o0104o
58649.285139  19.833  0.842    42   36 o  0   0.96 190.99104 -45.59583 10172.57  2508.90 2.24 1.99 -61.2 -0.501 18.31 18.63 02a58649o0113o
58649.290807  20.294  1.202    28   33 o  0   1.05 190.99104 -45.59583   588.47  2385.85 2.23 1.96 -62.7 -0.462 18.33 18.63 02a58649o0125o
58649.295932  18.617  0.262   130   34 o  0   1.14 190.99104 -45.59583 10192.84  2391.80 2.23 2.07 -66.2 -0.459 18.26 18.62 02a58649o0136o
58651.246704 -18.161  0.481  -198   95 o  0   1.19 190.99104 -45.59583 10399.27  1591.52 4.81 3.38  -6.5 -0.278 17.02 17.91 01a58651o0014o
58651.249496  18.370  0.558   163   91 o  0   0.92 190.99104 -45.59583 10421.39  1630.58 4.67 3.31  -7.1 -0.294 17.28 18.19 01a58651o0020o
58651.255553 -20.187  1.942   -31   59 o  0   1.35 190.99104 -45.59583 10359.71  1550.33 4.41 3.24  -4.6 -0.313 17.47 18.41 01a58651o0033o
58651.268505  19.819  1.472    43   63 o  0   1.05 190.99104 -45.59583 10340.36  1667.48 4.16 2.99  -3.9 -0.341 17.59 18.42 01a58651o0061o
58651.271791  21.126  6.465    13   83 o  0   0.80 190.99104 -45.59583   176.37  1785.82 3.51 3.05 -14.2 -0.388 17.54 18.39 01a58651o0068o
58651.273175  19.420  0.982    62   61 o  0   1.05 190.99104 -45.59583  1875.55  9758.80 2.79 2.62 -55.2 -0.522 17.79 18.53 01a58651o0071o
58651.276489 -22.043 10.414    -6   58 o  0   1.31 190.99104 -45.59583  1894.57  9795.75 2.82 2.60 -52.3 -0.513 17.77 18.52 01a58651o0078o
58651.276950  19.451  1.074    60   65 o  0   1.32 190.99104 -45.59583   198.03  1823.14 3.71 3.05 -19.0 -0.397 17.51 18.38 01a58651o0079o
58655.241391 -15.277  0.809 -2814 2277 o  0   1.09 190.99104 -45.59583 10394.63  1591.73 4.64 3.28  -3.4 -0.426 15.10 16.16 01a58655o0021o
58655.244632  19.056  0.638    87   55 o  0   1.02 190.99104 -45.59583 10415.07  1631.24 4.31 3.22  -6.7 -0.322 17.60 18.62 01a58655o0028o
58655.258528  21.902  4.353     6   27 o  0   1.24 190.99104 -45.59583   192.13  1826.35 3.59 3.13 -12.4 -0.399 18.57 20.08 01a58655o0058o
58655.270131  19.566  0.389    54   21 o  0   1.66 190.99104 -45.59583  1869.77  9760.21 2.99 2.75 -55.4 -0.469 18.63 20.05 01a58655o0083o
58655.273403  19.541  0.392    55   22 o  0   1.78 190.99104 -45.59583  1888.96  9797.98 3.07 2.87 -57.5 -0.456 18.79 20.25 01a58655o0090o
58655.279423  17.862  0.271   260   70 o  0   1.27 190.99104 -45.59583  1832.67  9721.95 3.03 2.80 -57.9 -0.471 18.15 19.60 01a58655o0103o
58655.290545  19.840  0.788    42   33 o  0   1.18 190.99104 -45.59583  1816.00  9838.46 2.93 2.73 -60.8 -0.487 18.51 19.95 01a58655o0127o
58659.240512 -19.909  2.000   -40   79 o  0   1.09 190.99104 -45.59583  6580.86  3994.22 3.31 2.92 -12.6 -0.433 17.25 17.83 01a58659o0018o
58659.240973  19.629  1.220    51   62 o  0   1.47 190.99104 -45.59583  6581.36  3993.81 3.32 2.84  -9.5 -0.421 17.38 17.93 01a58659o0019o
58659.246958  19.470  0.571    59   34 o  0   1.53 190.99104 -45.59583  6543.87  3955.34 3.95 3.30 -10.2 -0.385 18.24 19.22 01a58659o0032o
58659.257558  21.895  3.238     6   20 o  0   1.15 190.99104 -45.59583  6527.74  4071.11 3.83 3.20  -7.0 -0.406 18.86 20.29 01a58659o0055o
58837.646695  16.657  2.640   789 2083 o  0   0.02 190.99104 -45.59583  2332.01  7913.62 2.49 2.00 -59.1 -0.445 17.66 18.82 02a58837o0986o
58837.649983  18.272  0.504   178   90 o  0   1.54 190.99104 -45.59583  2349.89  7949.86 2.61 2.19 -65.1 -0.439 17.96 19.13 02a58837o0993o
58837.655820 -23.804 23.800    -1   26 o  0   1.23 190.99104 -45.59583  2289.79  7872.88 3.20 2.74 -57.4 -0.409 18.64 19.86 02a58837o1005o
58837.659973  19.565  0.619    54   34 o  0   1.21 190.99104 -45.59583  2271.57  7990.11 2.79 2.28 -56.6 -0.411 18.61 19.58 02a58837o1014o
58837.669643 -17.623  1.362  -324  442 o  0   1.38 190.99104 -45.59583  2310.00  7927.51 2.43 2.19 -58.5 -0.583 16.84 17.23 02a58837o1035o
58839.632455 -16.572  0.500  -854  427 o  0   1.17 190.99104 -45.59583  1888.37  4679.95 4.05 3.93 -81.2 -0.330 15.52 16.91 01a58839o0928o
58839.642272 -15.249  0.817 -2887 2358 o  0   0.83 190.99104 -45.59583  1927.83  4721.04 3.49 3.44  68.3 -0.341 13.74 14.98 01a58839o0948o
58839.652944 -18.511  0.403  -143   58 o  0   1.23 190.99104 -45.59583  1948.00  4606.65 2.91 2.67  83.1 -0.378 17.25 18.35 01a58839o0970o
58839.668215  16.456  0.915   950  869 o  0   1.19 190.99104 -45.59583  1912.70  4668.17 3.44 3.22  85.3 -0.357 14.46 14.63 01a58839o1003o
58841.639149 -20.044  0.379   -35   13 c  0   1.48 190.99104 -45.59583  2325.38  7914.95 2.60 2.43  32.6 -0.378 19.37 21.13 02a58841o0923c
58841.641930 -20.579  0.632   -21   14 c  0   1.01 190.99104 -45.59583  2344.46  7952.18 2.56 2.52   5.3 -0.381 19.36 21.14 02a58841o0929c
58841.661852  22.093  3.333     5   18 c  0   1.56 190.99104 -45.59583  2284.84  7872.11 2.62 2.38  31.4 -0.364 19.03 20.33 02a58841o0969c
58841.667730  18.878  0.562   102   57 c  0   1.39 190.99104 -45.59583  2266.88  7986.25 2.49 2.37  30.6 -0.382 18.10 19.01 02a58841o0981c
58851.612616 -20.418  0.488   -25   12 o  0   2.04 190.99104 -45.59583  8796.78   868.86 3.37 2.68  89.7 -0.372 19.22 21.04 01a58851o0761o
58851.615878 -20.649  0.703   -20   14 o  0   1.18 190.99104 -45.59583  8779.18   832.39 3.24 2.40  88.7 -0.381 19.29 21.05 01a58851o0768o
58851.621872  24.142 17.000     1   14 o  0   1.60 190.99104 -45.59583  8834.75   905.81 3.55 2.55  84.1 -0.394 19.25 21.08 01a58851o0780o
58851.632688 -20.186  0.414   -31   13 o  0   1.77 190.99104 -45.59583  8854.30   788.02 3.15 2.55  87.6 -0.393 19.35 21.09 01a58851o0801o
58855.589658  21.121  1.659    13   22 o  0   1.33 190.99104 -45.59583  8797.92   872.45 4.16 3.51 -88.0 -0.324 18.70 20.32 01a58855o0550o
58855.595255 -21.689  2.226    -8   17 o  0   1.50 190.99104 -45.59583  8778.10   833.24 3.68 3.11 -86.5 -0.333 18.98 20.64 01a58855o0561o
58855.604486 -20.446  0.765   -24   18 o  0   1.09 190.99104 -45.59583  8833.51   910.06 3.79 3.07 -87.9 -0.325 19.00 20.74 01a58855o0580o
58855.607272  20.641  0.913    20   18 o  0   1.54 190.99104 -45.59583  8853.05   792.40 4.06 3.36 -89.3 -0.335 18.88 20.72 01a58855o0586o
58867.542185  19.615  0.402    52   21 o  0   1.48 190.99104 -45.59583  2456.69  2468.85 3.38 2.74  73.9 -0.360 18.87 20.08 01a58867o0715o
58867.550460  22.239  3.815     5   18 o  0   1.66 190.99104 -45.59583  2437.58  2430.81 3.13 2.40  80.8 -0.393 18.97 20.08 01a58867o0732o
58867.554647  20.717  0.877    19   16 o  0   1.99 190.99104 -45.59583  2493.72  2510.88 2.77 2.17  78.4 -0.394 19.07 20.09 01a58867o0741o
58867.570733 -20.522  0.882   -22   20 o  0   1.20 190.99104 -45.59583  2511.11  2395.22 3.18 2.50  80.0 -0.391 18.96 20.13 01a58867o0774o
58871.538479  20.844  1.186    17   20 o  0   1.46 190.99104 -45.59583  2454.45  2468.39 3.75 3.31  62.6 -0.391 18.95 20.59 01a58871o0661o
58871.541790  20.056  0.575    34   20 o  0   1.73 190.99104 -45.59583  2434.30  2429.83 3.85 3.45  64.5 -0.400 18.86 20.58 01a58871o0668o
58871.548023  20.086  0.596    34   20 o  0   1.35 190.99104 -45.59583  2491.13  2510.45 4.15 3.70  50.2 -0.370 18.86 20.61 01a58871o0681o
58871.562759 -19.438  0.329   -61   20 o  0   1.16 190.99104 -45.59583  2508.58  2396.35 3.74 3.25  65.0 -0.402 18.96 20.65 01a58871o0711o
58871.673737  19.999  3.589    36  130 o  0   1.08 190.99104 -45.59583  8153.22  8082.61 3.87 3.08 -85.1 -0.372 16.87 17.28 01a58871o0937o
58875.559025  20.034  0.424    35   15 o  0   1.55 190.99104 -45.59583  7892.13  6333.90 3.29 2.46 -85.3 -0.395 19.19 20.92 01a58875o0689o
58875.563204  21.330  1.218    11   13 o  0   2.20 190.99104 -45.59583  7870.99  6293.96 3.43 2.51 -85.0 -0.393 19.15 20.93 01a58875o0697o
58875.569644  20.171  0.412    31   13 o  0   1.99 190.99104 -45.59583  7931.67  6372.12 3.14 2.63 -85.2 -0.393 19.18 20.91 01a58875o0711o
58875.584603 -19.700  0.254   -48   12 o  0   1.59 190.99104 -45.59583  7951.09  6255.08 3.05 2.44 -86.2 -0.401 19.24 20.94 01a58875o0742o
58883.520470  19.663  0.530    50   26 o  0   0.93 190.99104 -45.59583  6341.87  2781.29 3.50 2.94 -86.8 -0.337 18.61 19.83 01a58883o0657o
58883.530800 -20.314  0.784   -27   21 o  0   1.13 190.99104 -45.59583  6321.36  2742.58 3.70 3.01 -89.2 -0.334 18.73 20.13 01a58883o0678o
58883.534507  22.979  7.800     2   18 o  0   2.02 190.99104 -45.59583  6378.88  2821.22 3.67 3.03 -88.2 -0.325 18.80 20.25 01a58883o0686o
58883.540483 -21.934  3.214    -6   20 o  0   1.05 190.99104 -45.59583  6396.40  2703.28 3.64 2.93 -87.2 -0.311 18.91 20.43 01a58883o0698o
58887.504316 -19.638  0.837   -51   42 o  0   1.42 190.99104 -45.59583  6341.41  2782.20 4.01 3.27  78.4 -0.302 17.79 18.64 01a58887o0627o
58887.509825  21.472  4.405     9   41 o  0   1.42 190.99104 -45.59583  6323.15  2743.19 3.55 2.99  81.1 -0.340 17.92 18.67 01a58887o0638o
58887.513981 -19.740  0.767   -46   35 o  0   1.61 190.99104 -45.59583  6378.58  2820.94 3.26 2.63  83.2 -0.341 18.04 18.69 01a58887o0647o
58887.523780  19.271  0.598    71   42 o  0   1.06 190.99104 -45.59583  6396.58  2705.09 3.52 2.83  83.5 -0.332 17.96 18.73 01a58887o0668o
58913.447662 -18.636  0.161  -128   20 o  0   2.48 190.99104 -45.59583  6117.84  7673.55 2.28 2.14  64.8 -0.413 18.80 19.39 02a58913o0423o
58913.451389 -19.580  0.394   -54   21 o  0   2.10 190.99104 -45.59583  6136.17  7713.01 2.34 2.23 -89.5 -0.399 18.71 19.40 02a58913o0431o
58915.435700 -16.183  0.894 -1222 1092 o  0   1.03 190.99104 -45.59583  4960.75   649.11 2.98 2.82  13.7 -0.389 14.17 14.06 01a58915o0462o
58919.429738 -18.532  0.312  -140   44 o  0   1.10 190.99104 -45.59583  4958.74   645.13 2.81 2.32  -0.4 -0.365 18.13 18.28 01a58919o0451o
58919.433891 -23.204 20.308    -2   38 o  0   1.66 190.99104 -45.59583  4939.49   606.36 2.84 2.34  -2.2 -0.370 18.15 18.30 01a58919o0459o
58919.439431 -20.650  2.059   -20   41 o  0   1.31 190.99104 -45.59583  4995.56   684.99 2.85 2.37  -0.3 -0.366 18.11 18.33 01a58919o0470o
58919.455325 -19.560  0.718   -54   39 o  0   1.18 190.99104 -45.59583  5015.59   568.24 2.70 2.36  -1.8 -0.367 18.19 18.38 01a58919o0503o
58927.405978 -19.113  0.152   -82   12 o  0   1.65 190.99104 -45.59583  3831.54  4654.44 2.95 2.37  -9.0 -0.325 19.15 20.63 01a58927o0002o
58927.408747 -19.440  0.195   -61   12 o  0   1.67 190.99104 -45.59583  3774.91  4576.41 2.63 2.35 -10.7 -0.348 19.14 20.59 01a58927o0007o
58927.409668 -19.049  0.153   -87   13 o  0   1.95 190.99104 -45.59583  3834.51  4654.69 3.03 2.43  -8.0 -0.325 19.10 20.58 01a58927o0009o
58927.412443 -18.805  0.081  -109    9 o  0   2.64 190.99104 -45.59583  3854.18  4539.18 2.57 2.25   6.1 -0.357 19.27 20.61 01a58927o0014o
58937.469937 -18.319  0.257  -171   44 c  0   1.41 190.99104 -45.59583  1290.41  8327.24 2.64 2.56 -63.2 -0.408 17.98 19.76 02a58937o0108c
58937.470863 -18.668  0.280  -124   35 c  0   1.18 190.99104 -45.59583  8106.53  8952.31 3.09 2.86  48.1 -0.361 18.14 19.98 02a58937o0110c
58937.473648 -19.410  3.875   -62  242 c  0   0.96 190.99104 -45.59583  1270.94  8288.20 2.72 2.50 -59.3 -0.419 16.26 18.10 02a58937o0116c
58937.474105  20.044 10.857    35  378 c  0   0.92 190.99104 -45.59583  8086.87  8914.38 3.09 2.78  45.3 -0.359 16.26 18.11 02a58937o0117c
58939.342735 -17.202  2.296  -478 1097 o  0   1.23 190.99104 -45.59583   697.97  2764.60 2.88 2.58  37.3 -0.369 15.49 16.27 01a58939o0182o
58941.423563 -18.686  0.157  -122   19 o  0   2.10 190.99104 -45.59583  2850.21  8949.44 2.25 1.90 -44.1 -0.433 18.92 19.66 02a58941o0414o
58941.424020 -19.083  0.197   -84   17 o  0   1.67 190.99104 -45.59583  1828.24  4657.46 2.04 1.96  38.3 -0.457 19.06 19.75 02a58941o0415o
58941.426771 -19.088  0.256   -84   22 o  0   1.66 190.99104 -45.59583  2830.23  8912.33 2.33 1.92 -48.4 -0.433 18.91 19.64 02a58941o0421o
58941.427228 -19.335  0.278   -67   19 o  0   1.70 190.99104 -45.59583  1809.05  4619.91 2.06 1.96  36.1 -0.448 19.01 19.74 02a58941o0422o
58941.432867 -18.827  0.209  -107   22 o  0   1.15 190.99104 -45.59583  2890.42  8988.70 2.30 1.95 -47.7 -0.426 18.92 19.69 02a58941o0434o
58941.433324 -19.153  0.216   -79   17 o  0   1.29 190.99104 -45.59583  1866.98  4697.21 2.05 1.94  36.7 -0.459 19.05 19.78 02a58941o0435o
58941.443418 -18.750  0.196  -115   22 o  0   1.54 190.99104 -45.59583  2913.58  8878.31 2.29 1.90 -49.4 -0.444 18.98 19.70 02a58941o0457o
58941.443876 -19.063  0.229   -86   20 o  0   1.24 190.99104 -45.59583  1888.85  4587.02 2.08 1.92  41.1 -0.455 19.04 19.78 02a58941o0458o
58941.498425 -19.602  0.344   -52   18 o  0   1.27 190.99104 -45.59583  1858.03  4644.28 2.19 1.87 -65.1 -0.460 19.07 19.93 02a58941o0574o
58943.458498 -18.875  0.370  -102   38 o  0   1.10 190.99104 -45.59583 10071.57  8030.87 3.38 3.05  23.0 -0.358 18.19 19.05 01a58943o0014o
58943.461394 -17.440  0.268  -384  103 o  0   1.67 190.99104 -45.59583 10091.86  8070.83 2.88 2.72 -84.2 -0.407 17.79 18.47 01a58943o0020o
58943.467939 -20.594  1.960   -21   41 o  0   1.40 190.99104 -45.59583 10031.45  7990.85 2.70 2.50  21.9 -0.374 17.83 18.40 01a58943o0034o
58943.481008  17.598  1.086   332  360 o  0   1.02 190.99104 -45.59583 10014.71  8106.69 3.24 3.11  31.8 -0.335 15.72 16.07 01a58943o0061o
58943.487493 -14.970  1.588 -3734 5928 o  0   0.96 190.99104 -45.59583   472.76  8133.19 2.56 2.31 -74.8 -0.495 13.90 13.89 01a58943o0074o
58943.492147  18.888  1.844   101  186 o  0   1.35 190.99104 -45.59583   490.85  8169.60 2.76 2.39 -82.8 -0.386 15.67 15.88 01a58943o0084o
58943.498793 -16.048  0.868 -1383 1201 o  0   1.23 190.99104 -45.59583   432.16  8094.74 2.63 2.30 -77.3 -0.424 14.54 14.70 01a58943o0098o
58943.509736  18.676  1.892   123  232 o  0   1.04 190.99104 -45.59583   413.04  8210.45 2.59 2.29 -74.6 -0.429 17.06 17.41 01a58943o0120o
58945.469119 -19.671  0.898   -49   44 o  0   1.47 190.99104 -45.59583  1833.78  4661.09 2.38 2.02  40.9 -0.450 17.85 17.83 02a58945o0004o
58945.472081 -19.436  0.685   -61   42 o  0   1.45 190.99104 -45.59583  1817.32  4625.40 2.69 2.03  38.7 -0.428 17.75 17.79 02a58945o0010o
58945.477359 -18.802  0.449  -110   49 o  0   1.28 190.99104 -45.59583  1873.67  4702.45 2.55 2.01  41.9 -0.429 17.71 17.76 02a58945o0021o
58945.487582 -18.659  0.437  -125   54 o  0   1.33 190.99104 -45.59583  1892.21  4592.33 2.37 1.99  39.4 -0.443 17.73 17.72 02a58945o0043o
58955.297861 -18.580  0.218  -134   29 o  0   1.35 190.99104 -45.59583  1221.32   754.68 4.20 3.88  65.9 -0.276 18.76 20.06 01a58955o0160o
58955.308684 -18.570  0.194  -136   26 o  0   1.01 190.99104 -45.59583  1200.87   715.49 3.45 3.14  84.1 -0.367 18.78 20.13 01a58955o0182o
58955.320957 -18.598  0.141  -132   19 o  0   1.82 190.99104 -45.59583  1256.81   797.94 2.86 2.69  43.0 -0.409 18.98 20.27 01a58955o0207o
58955.330230 -18.877  0.189  -102   19 o  0   1.20 190.99104 -45.59583  1274.67   682.08 2.70 2.49  33.3 -0.406 19.06 20.38 01a58955o0225o
58959.290724 -18.913  0.178   -99   18 o  0   1.44 190.99104 -45.59583  1222.76   748.97 2.49 2.13  -6.6 -0.398 19.00 20.07 01a58959o0145o
58959.296453 -19.024  0.198   -89   18 o  0   1.64 190.99104 -45.59583  1202.99   709.32 2.53 2.23  -0.3 -0.375 19.04 20.11 01a58959o0156o
58959.313339 -18.918  0.179   -98   18 o  0   1.03 190.99104 -45.59583  1259.72   792.76 2.45 2.14  -5.0 -0.373 19.08 20.21 01a58959o0191o
58959.316137 -18.984  0.166   -92   15 o  0   1.56 190.99104 -45.59583  1279.24   677.83 2.44 2.16  -5.9 -0.379 19.13 20.22 01a58959o0197o
58961.367890 -19.350  0.236   -66   16 c  0   2.32 190.99104 -45.59583    55.03  8860.51 2.50 2.29  13.1 -0.446 19.23 20.96 02a58961o0308c
58961.371097 -19.720  5.280   -47  248 c  0   0.01 190.99104 -45.59583    35.80  8823.30 2.62 2.34 -43.6 -0.420 19.29 20.95 02a58961o0315c
58961.376742 -19.129  0.188   -81   15 c  0   1.36 190.99104 -45.59583    96.61  8902.50 2.58 2.36 -41.7 -0.436 19.29 20.94 02a58961o0327c
58961.381322 -18.905  0.133  -100   13 c  0   1.49 190.99104 -45.59583 10281.24  8880.34 3.07 2.64  34.6 -0.370 19.28 20.93 02a58961o0337c
58971.368869 -18.850  0.166  -105   17 o  0   1.26 190.99104 -45.59583  3791.60 10049.79 2.11 1.95 -50.1 -0.400 18.97 19.59 01a58971o0295o
58971.372094 -18.827  0.171  -107   18 o  0   1.57 190.99104 -45.59583  3811.29 10088.16 2.23 2.10 -40.9 -0.385 18.95 19.56 01a58971o0302o
58971.379055 -18.791  0.185  -111   20 o  0   1.13 190.99104 -45.59583  3753.79 10010.61 2.41 2.17 -52.1 -0.395 18.91 19.58 01a58971o0317o
58971.390631 -20.174  0.670   -31   21 o  0   1.06 190.99104 -45.59583  3735.09 10128.13 2.20 1.97 -41.4 -0.402 18.96 19.57 01a58971o0342o
58973.300783 -19.356  0.850   -66   56 o  0   1.38 190.99104 -45.59583  8119.05  8106.02 2.55 2.13  37.8 -0.414 18.42 18.73 02a58973o0152o
58973.304997 -19.113  0.670   -82   55 o  0   1.49 190.99104 -45.59583  8140.75  8145.79 2.39 2.08  42.0 -0.430 18.45 18.74 02a58973o0160o
58973.311934 -19.985  1.640   -37   60 o  0   1.26 190.99104 -45.59583  8081.59  8067.57 2.73 2.12  34.6 -0.393 18.38 18.75 02a58973o0174o
58973.312849 -18.686  0.208  -122   25 o  0   2.03 190.99104 -45.59583  6973.10  1590.42 2.00 1.90  43.2 -0.429 18.50 18.69 02a58973o0176o
58973.314678 -19.584  0.480   -53   26 o  0   1.27 190.99104 -45.59583  6993.00  1629.35 2.15 1.97  44.3 -0.425 18.46 18.70 02a58973o0180o
58973.320355 -19.125  0.365   -81   30 o  0   1.21 190.99104 -45.59583  6933.68  1549.06 2.02 1.95  34.5 -0.428 18.44 18.71 02a58973o0191o
58973.323148 -19.149  0.558   -80   44 o  0   2.29 190.99104 -45.59583  8065.45  8181.13 2.35 2.13  52.2 -0.424 18.54 18.78 02a58973o0197o
58973.343394 -18.942  0.510   -96   49 o  0   1.44 190.99104 -45.59583  3616.39  8875.84 2.45 1.99  33.7 -0.405 18.47 18.73 02a58973o0240o
58975.375945 -18.616  0.343  -130   45 o  0   1.09 190.99104 -45.59583  3791.03 10048.42 2.42 2.41  48.1 -0.382 18.03 18.01 01a58975o0294o
58975.379170 -18.464  0.312  -149   47 o  0   1.12 190.99104 -45.59583  3811.01 10086.80 2.35 2.31 -44.1 -0.351 18.01 18.00 01a58975o0301o
58975.388441 -19.718  1.034   -47   49 o  0   0.86 190.99104 -45.59583  3754.62 10009.57 2.16 2.12 -21.9 -0.377 18.07 18.01 01a58975o0321o
58975.421748 -18.551  0.391  -138   54 o  0   1.17 190.99104 -45.59583  3733.46 10125.24 2.32 2.23 -43.7 -0.352 17.91 17.84 01a58975o0392o
58981.329916 -18.989  0.102   -92    9 c  0   1.96 190.99104 -45.59583  4356.53  8961.29 2.85 2.58  36.1 -0.368 19.24 21.10 02a58981o0214c
58981.333611 -18.738  0.103  -116   12 c  0   1.92 190.99104 -45.59583  4336.73  8922.63 2.84 2.58  35.6 -0.366 19.32 21.20 02a58981o0222c
58981.335914 -18.905  0.116  -100   12 c  0   1.30 190.99104 -45.59583  7838.85  6321.20 2.93 2.52  42.5 -0.375 19.39 21.25 02a58981o0227c
58981.344270 -19.052  0.137   -87   12 c  0   1.85 190.99104 -45.59583  4398.01  9002.62 2.71 2.47  37.8 -0.376 19.36 21.19 02a58981o0245c
58981.344728 -18.967  0.130   -94   12 c  0   1.25 190.99104 -45.59583  7819.73  6286.46 2.96 2.58  44.1 -0.372 19.38 21.23 02a58981o0246c
58981.351638 -18.731  0.106  -117   12 c  0   1.32 190.99104 -45.59583  4419.60  8887.67 2.75 2.62  53.0 -0.372 19.32 21.22 02a58981o0261c
58981.355317 -18.665  0.084  -124   10 c  0   2.03 190.99104 -45.59583  7880.64  6365.43 2.87 2.60  48.6 -0.380 19.36 21.26 02a58981o0269c
58981.361356 -18.808  0.109  -109   12 c  0   1.48 190.99104 -45.59583  7901.05  6249.11 2.94 2.62  47.1 -0.369 19.37 21.24 02a58981o0282c
59007.281767  18.695  2.758   121  333 o  0   1.33 190.99104 -45.59583  6157.06  7679.68 2.65 2.24   0.1 -0.299 15.80 15.86 01a59007o0103o
59007.284554 -18.692  3.047  -121  369 o  0   0.91 190.99104 -45.59583  6175.59  7717.84 2.66 2.20   3.5 -0.318 15.65 15.58 01a59007o0109o
59007.290558 -19.961  2.620   -38   99 o  0   1.20 190.99104 -45.59583  6117.22  7640.21 2.52 2.11   0.3 -0.317 16.92 17.05 01a59007o0122o
59007.302636 -16.394  1.324 -1005 1331 o  0   1.37 190.99104 -45.59583  6098.44  7755.38 2.67 2.22  -1.6 -0.327 14.58 14.33 01a59007o0148o
59017.251710 -18.572  0.478  -135   65 c  0   0.90 190.99104 -45.59583  2185.99  8916.18 2.73 2.32  37.1 -0.381 18.05 18.99 02a59017o0020c
59017.252632 -18.527  0.192  -141   27 c  0   1.66 190.99104 -45.59583  5891.46  6438.12 3.20 2.38  38.2 -0.349 18.27 19.25 02a59017o0022c
59017.254924 -19.147  0.329   -80   26 c  0   1.52 190.99104 -45.59583  2166.38  8878.13 2.71 2.33  36.6 -0.374 18.58 19.66 02a59017o0027c
59017.255846 -18.759  0.180  -114   20 c  0   1.37 190.99104 -45.59583  5872.27  6400.71 3.16 2.38  41.2 -0.356 18.77 19.90 02a59017o0029c
59017.260419 -18.547  0.130  -138   18 c  0   1.19 190.99104 -45.59583  2228.15  8958.42 2.73 2.37  38.8 -0.378 19.10 20.51 02a59017o0039c
59017.263163 -18.475  0.079  -148   12 c  0   1.97 190.99104 -45.59583  5933.00  6479.63 3.00 2.42  42.8 -0.375 19.25 20.78 02a59017o0045c
59017.270980 -19.487  0.219   -58   13 c  0   1.53 190.99104 -45.59583  2250.04  8843.39 2.72 2.34  39.8 -0.375 19.22 20.85 02a59017o0062c
59017.273270 -18.885  0.136  -101   14 c  0   1.28 190.99104 -45.59583  5953.68  6365.77 2.70 2.38  49.0 -0.391 19.34 20.94 02a59017o0067c
59021.252894 -19.201  0.369   -76   28 c  0   1.39 190.99104 -45.59583  4955.86   632.02 2.54 2.28  86.7 -0.407 18.26 19.20 02a59021o0022c
59021.256099 -19.472  0.342   -59   20 c  0   1.36 190.99104 -45.59583  4937.72   593.04 2.53 2.27  86.8 -0.407 18.82 19.89 02a59021o0029c
59021.261605 -19.360  0.215   -65   14 c  0   1.70 190.99104 -45.59583  4993.33   671.80 2.55 2.29  86.4 -0.401 19.29 20.74 02a59021o0041c
59021.272158 -19.400  0.179   -63   11 c  0   2.10 190.99104 -45.59583  5014.20   556.06 2.61 2.34 -85.9 -0.399 19.44 21.19 02a59021o0064c
59025.254280 -19.402  0.528   -63   33 c  0   1.49 190.99104 -45.59583  4965.93   629.46 2.67 2.39 -86.1 -0.402 18.12 19.05 02a59025o0004c
