###MJD          m      dm   uJy   duJy F err chi/N     RA       Dec        x        y     maj  min   phi  apfit mag5sig Sky   Obs
57405.626971 -17.095  0.069  -527   36 o  0   1.10 191.27187 -44.00641  1928.90  8600.90 3.93 3.21 -86.5 -0.450 18.61 20.45 02a57405o0670o
57405.650095 -17.160  0.170  -496   84 o  0   0.85 191.27187 -44.00641  9043.29  2682.15 3.76 2.72  82.6 -0.453 18.01 19.58 02a57405o0704o
57405.659173 -17.085  0.116  -532   62 o  0   1.30 191.27187 -44.00641  8195.85  1540.69 4.16 3.75  19.3 -0.501 18.32 19.89 02a57405o0719o
57405.665845 -16.854  0.088  -658   58 o  0   1.16 191.27187 -44.00641  7906.27  3295.89 3.88 3.60  -2.3 -0.464 18.14 19.53 02a57405o0730o
57447.525267 -17.025  0.105  -562   59 o  0   1.23 191.27187 -44.00641  2307.09  7780.44 4.27 2.90 -83.2 -0.433 17.93 19.50 02a57447o0633o
57447.545828 -16.833  0.120  -671   80 o  0   1.10 191.27187 -44.00641  8019.81  2335.47 4.33 3.85   6.4 -0.447 17.86 18.93 02a57447o0668o
57447.566071 -17.097  0.153  -526   81 o  0   0.94 191.27187 -44.00641  9165.18  1716.29 5.10 3.70  16.1 -0.491 18.01 19.10 02a57447o0703o
57447.587189 -16.998  0.138  -577   79 o  0   0.98 191.27187 -44.00641  9015.36  1490.35 5.63 3.25  16.8 -0.441 18.08 19.18 02a57447o0738o
57453.509307 -20.116  0.625   -33   20 c  0   1.25 191.27187 -44.00641  8152.05  2742.00 4.10 3.78  29.0 -0.438 19.33 21.17 02a57453o0583c
57453.529024 -20.100  0.716   -33   24 c  0   1.00 191.27187 -44.00641  7878.40  2162.68 4.39 3.94  17.6 -0.437 19.31 21.18 02a57453o0618c
57453.549261 -19.049  0.295   -87   26 c  0   0.95 191.27187 -44.00641  9022.68  1544.04 4.51 3.94  26.1 -0.464 19.31 21.13 02a57453o0653c
57453.570952 -19.041  0.273   -88   24 c  0   1.42 191.27187 -44.00641  9011.05  1489.41 4.58 3.98  22.3 -0.466 19.28 21.07 02a57453o0688c
57457.499656  21.990  5.000     6   29 c  0   1.13 191.27187 -44.00641  8206.01  2676.94 4.46 3.72  79.4 -0.422 18.78 20.73 02a57457o0578c
57457.519951 -19.961  0.736   -38   28 c  0   1.21 191.27187 -44.00641  7937.16  2102.06 4.33 4.00  73.4 -0.461 18.91 20.83 02a57457o0615c
57457.540541 -18.586  0.210  -134   28 c  0   1.17 191.27187 -44.00641  9082.20  1483.53 4.49 4.09  55.8 -0.495 19.02 20.93 02a57457o0651c
57457.562437 -18.637  0.198  -127   25 c  0   0.94 191.27187 -44.00641  9017.40  1486.20 4.85 4.09  21.2 -0.457 19.31 21.24 02a57457o0688c
57461.487191 -17.629  1.038  -322  335 c  0   0.86 191.27187 -44.00641  2440.19  7915.01 4.38 3.82 -66.1 -0.429 16.46 18.37 02a57461o0554c
57461.507744 -15.764  0.394 -1796  708 c  0   0.99 191.27187 -44.00641  7874.46  2200.08 4.37 3.87  21.7 -0.455 15.50 17.33 02a57461o0589c
57461.527918  19.339  0.630    67   42 c  0   0.96 191.27187 -44.00641  9020.25  1582.11 4.61 3.89  25.7 -0.470 18.13 19.93 02a57461o0624c
57461.549035 -18.497  0.212  -145   31 c  0   0.97 191.27187 -44.00641  9010.19  1487.60 4.84 4.00  24.4 -0.458 19.10 20.90 02a57461o0659c
57465.471232 -17.204  0.083  -477   39 o  0   1.44 191.27187 -44.00641  8306.07  2540.70 4.06 3.58  21.8 -0.526 18.43 19.45 02a57465o0540o
57465.488861 -17.089  0.068  -530   36 o  0   2.02 191.27187 -44.00641  8036.95  1961.33 4.38 3.49  15.9 -0.520 18.43 19.45 02a57465o0575o
57465.509153 -18.607  0.594  -131   78 o  0   0.89 191.27187 -44.00641  9182.54  1318.60 4.72 3.69  26.1 -0.549 18.45 19.51 02a57465o0610o
57465.530105 -17.118  0.104  -516   54 o  0   0.82 191.27187 -44.00641  9001.49  1482.65 4.75 3.86  24.6 -0.535 18.47 19.61 02a57465o0645o
57477.448794 -17.437  0.098  -385   38 o  0   1.02 191.27187 -44.00641  8305.36  2492.43 4.12 3.61  25.1 -0.525 18.62 19.80 02a57477o0495o
57477.465801 -17.226  0.090  -467   42 o  0   1.02 191.27187 -44.00641  8022.07  1916.44 4.38 3.64  15.9 -0.521 18.59 19.77 02a57477o0530o
57477.482745 -17.326  0.116  -426   50 o  0   0.98 191.27187 -44.00641  9166.98  1296.68 4.78 3.77  25.1 -0.539 18.56 19.70 02a57477o0565o
57477.501347 -17.164  0.095  -495   47 o  0   0.92 191.27187 -44.00641  8994.55  1480.02 4.75 3.81  24.0 -0.532 18.54 19.67 02a57477o0600o
57863.462879  18.899  0.218   100   22 c  0   1.35 191.27187 -44.00641  7122.51  4007.35 3.81 3.59  84.7 -0.393 18.58 20.18 02a57863o0436c
57867.469989  14.162  0.538  7854 4228 c  0   0.98 191.27187 -44.00641 10187.21  2478.99 3.80 3.34  47.9 -0.632 14.98 16.59 02a57867o0479c
57922.306046 -17.243  0.037  -460   17 o  0   1.03 191.27187 -44.00641  2753.35  8800.53 2.97 2.86 -82.3 -0.445 19.12 20.48 01a57922o0133o
57922.314431 -17.297  0.067  -438   29 o  0   1.39 191.27187 -44.00641  2764.93  8870.81 3.03 2.86 -69.8 -0.447 19.04 20.37 01a57922o0150o
57922.322297 -16.742  0.079  -730   58 o  0   1.85 191.27187 -44.00641  2705.66  8824.45 3.02 2.85 -85.8 -0.449 16.61 17.91 01a57922o0166o
57923.286449 -16.214  0.239 -1187  284 o  0   1.20 191.27187 -44.00641   332.66  2143.25 3.28 2.57  29.1 -0.545 16.07 17.84 02a57923o0087o
57923.301621  17.417  2.208   392  865 o  0   0.97 191.27187 -44.00641   379.25  2181.49 2.76 2.31  48.4 -0.545 16.75 18.16 02a57923o0110o
57923.309153  17.051  1.258   549  691 o  0   1.64 191.27187 -44.00641  9776.92  2144.03 2.77 2.30 -78.8 -0.501 18.23 19.68 02a57923o0125o
57923.317120 -18.404  1.650  -158  261 o  0   1.08 191.27187 -44.00641  9833.53  2219.57 2.60 2.38 -67.4 -0.503 16.98 18.38 02a57923o0141o
57926.299717 -17.548  0.053  -347   18 o  0   1.27 191.27187 -44.00641  2390.31  9419.31 3.02 2.81 -62.4 -0.466 19.15 20.46 01a57926o0120o
57926.308053 -17.618  0.049  -326   16 o  0   1.63 191.27187 -44.00641  2415.95  9488.62 3.17 2.95 -67.2 -0.449 19.11 20.49 01a57926o0137o
57926.316418 -17.355  0.043  -415   18 o  0   1.32 191.27187 -44.00641  2342.27  9444.33 3.35 3.07 -51.6 -0.444 19.10 20.50 01a57926o0154o
57930.288514 -17.421  0.048  -390   19 o  0   1.52 191.27187 -44.00641  3456.75  9298.02 3.57 3.32 -45.9 -0.425 18.89 20.26 01a57930o0070o
57930.296913 -17.523  0.054  -356   19 o  0   1.41 191.27187 -44.00641  3466.38  9369.71 3.43 3.12 -41.6 -0.438 18.90 20.17 01a57930o0087o
57934.281454 -17.489  0.056  -367   20 o  0   1.94 191.27187 -44.00641  1385.01  6732.41 3.33 3.08 -55.5 -0.427 18.79 19.98 01a57934o0091o
57934.290329 -17.515  0.075  -358   27 o  0   1.77 191.27187 -44.00641  1395.65  6803.62 3.77 3.53 -50.7 -0.421 18.66 19.89 01a57934o0109o
58117.627898 -17.572  0.033  -340   11 o  0   1.57 191.27187 -44.00641  2861.06  2448.33 2.48 2.02  48.2 -0.443 19.27 20.54 02a58117o0616o
58117.635713 -17.608  0.036  -329   12 o  0   2.07 191.27187 -44.00641  2887.06  2487.83 2.47 2.10  51.9 -0.440 19.28 20.60 02a58117o0633o
58117.643493 -17.568  0.035  -341   12 o  0   2.22 191.27187 -44.00641  2828.38  2411.25 2.34 1.91  48.7 -0.449 19.36 20.65 02a58117o0650o
58117.651314 -17.517  0.030  -357   11 o  0   1.61 191.27187 -44.00641  2798.56  2529.03 2.44 2.02  49.1 -0.445 19.32 20.62 02a58117o0667o
58121.595438 -17.065  0.109  -542   59 o  0   1.18 191.27187 -44.00641  9848.84  4820.85 2.51 2.37  12.7 -0.469 17.76 18.48 02a58121o0874o
58121.600002 -17.787  0.246  -279   69 o  0   1.08 191.27187 -44.00641  9861.74  4860.88 2.84 2.70   7.4 -0.438 17.71 18.59 02a58121o0884o
58121.603317 -12.932  4.531 -24388 110509 o  0   0.03 191.27187 -44.00641   101.65  4801.80 2.96 2.72  12.3 -0.397 17.52 18.53 02a58121o0889o
58121.606526 -18.001  0.209  -229   48 o  0   1.52 191.27187 -44.00641  9804.79  4783.53 2.48 2.22  18.3 -0.460 17.94 18.66 02a58121o0896o
58121.613826 -17.483  0.123  -369   45 o  0   1.61 191.27187 -44.00641  9789.13  4900.48 2.75 2.52  16.0 -0.458 17.84 18.75 02a58121o0912o
58121.616129 -17.547  0.146  -348   51 o  0   0.93 191.27187 -44.00641   111.90  4840.77 2.83 2.60  23.1 -0.399 17.71 18.72 02a58121o0917o
58121.621160 -16.598  0.091  -834   76 o  0   1.67 191.27187 -44.00641    55.33  4765.86 2.91 2.68  21.5 -0.374 17.72 18.77 02a58121o0928o
58121.625271  18.838  5.357   106  567 o  0   0.02 191.27187 -44.00641    39.95  4882.94 2.67 2.35  20.3 -0.395 17.83 18.80 02a58121o0937o
58123.611624 -17.371  0.105  -409   43 o  0   1.34 191.27187 -44.00641  7895.79  6322.76 5.09 3.62 -86.1 -0.347 18.19 19.31 01a58123o0596o
58123.621239 -17.479  0.119  -370   44 o  0   1.13 191.27187 -44.00641  7851.77  6252.91 5.24 3.75 -86.6 -0.352 18.17 19.36 01a58123o0617o
58123.635461 -17.412  0.118  -394   46 o  0   1.05 191.27187 -44.00641  7902.27  6279.36 5.30 4.34 -84.4 -0.306 18.10 19.41 01a58123o0648o
58123.640528 -17.350  0.110  -417   46 o  0   1.25 191.27187 -44.00641  7909.60  6145.02 5.38 4.70 -80.0 -0.300 18.04 19.42 01a58123o0659o
58127.608759 -17.408  0.066  -395   26 o  0   1.11 191.27187 -44.00641  8947.31  7756.13 6.05 4.45 -83.8 -0.295 18.53 20.29 01a58127o0904o
58127.617464 -17.253  0.057  -456   26 o  0   1.23 191.27187 -44.00641  8919.66  7687.98 6.08 4.45 -85.6 -0.284 18.55 20.32 01a58127o0923o
58127.624333 -17.304  0.060  -435   26 o  0   1.05 191.27187 -44.00641  8967.01  7739.17 5.90 4.36 -83.6 -0.301 18.63 20.32 01a58127o0938o
58127.635807 -17.491  0.068  -366   25 o  0   1.23 191.27187 -44.00641  8980.34  7580.91 6.12 4.92 -81.5 -0.230 18.54 20.36 01a58127o0963o
58129.593108 -17.524  0.106  -355   38 o  0   1.50 191.27187 -44.00641  9731.81  2490.54 3.77 2.80  19.9 -0.398 18.09 19.36 02a58129o0868o
58129.600933 -18.828  0.221  -107   24 o  0   2.96 191.27187 -44.00641  9743.19  2531.71 3.22 2.55  54.7 -0.419 18.91 20.30 02a58129o0885o
58129.608722 -17.661  0.053  -313   17 o  0   1.76 191.27187 -44.00641  9685.17  2452.77 3.24 2.52  47.3 -0.428 19.08 20.38 02a58129o0902o
58129.616524 -17.614  0.049  -327   16 o  0   1.28 191.27187 -44.00641  9668.85  2569.90 3.17 2.41  53.5 -0.428 19.14 20.44 02a58129o0919o
58131.593221 -17.343  0.038  -420   16 o  0   1.41 191.27187 -44.00641  1119.85  7229.93 4.39 3.68  85.5 -0.374 18.97 21.14 01a58131o0686o
58131.599205 -17.311  0.039  -432   17 o  0   1.39 191.27187 -44.00641  1083.16  7168.94 4.54 3.67  88.2 -0.359 18.94 21.12 01a58131o0699o
58131.603325 -17.373  0.039  -408   16 o  0   1.11 191.27187 -44.00641  1150.18  7234.31 4.26 3.39  88.8 -0.373 19.02 21.09 01a58131o0708o
58131.609737 -17.700  0.054  -302   16 o  0   1.49 191.27187 -44.00641  1156.73  7095.33 4.13 3.26  88.2 -0.397 19.02 21.04 01a58131o0722o
58135.631620 -17.396  0.064  -400   26 o  0   1.12 191.27187 -44.00641  9226.41  7406.97 5.51 4.29 -81.3 -0.325 18.63 20.36 01a58135o0937o
58135.639200 -14.795  0.003 -4386   11 o  0 2228.15 191.27187 -44.00641  1543.99  2963.31 3.87 3.67  89.9 -0.429 17.56 19.97 01a58135o0953o
58135.648350 -17.264  0.064  -451   29 o  0   1.19 191.27187 -44.00641  1496.27  2924.46 4.43 4.05  87.6 -0.404 17.92 20.25 01a58135o0972o
58135.655023 -16.940  0.065  -608   39 o  0   1.00 191.27187 -44.00641  9282.41  7236.31 5.36 4.61 -80.0 -0.336 18.13 20.01 01a58135o0986o
58147.581270 -17.161  0.110  -496   54 o  0   0.97 191.27187 -44.00641  8093.52  8734.55 6.29 4.42 -83.7 -0.240 18.05 19.23 01a58147o0409o
58147.596925 -17.599  0.132  -332   44 o  0   1.54 191.27187 -44.00641  8063.84  8638.17 5.81 4.01 -81.1 -0.284 18.15 19.23 01a58147o0442o
58147.605441 -17.158  0.082  -498   41 o  0   1.18 191.27187 -44.00641  2640.90  1616.98 3.43 3.01  81.5 -0.458 17.35 18.98 01a58147o0460o
58147.611868 -17.400  0.087  -398   35 o  0   1.20 191.27187 -44.00641  2620.30  1759.23 3.49 3.01  79.2 -0.447 17.60 19.20 01a58147o0473o
58151.601250 -17.368  0.108  -410   44 o  0   1.12 191.27187 -44.00641  2963.91  2470.97 3.76 3.43  75.8 -0.417 17.55 18.66 01a58151o0757o
58151.611390 -17.472  0.103  -373   38 o  0   1.14 191.27187 -44.00641  2986.00  2550.06 3.55 3.34  84.4 -0.416 17.77 18.81 01a58151o0778o
58151.613225 -17.507  0.099  -361   36 o  0   1.54 191.27187 -44.00641  2931.29  2481.31 3.85 3.54  82.1 -0.423 17.76 18.83 01a58151o0782o
58151.616489 -17.949  0.144  -240   34 o  0   1.51 191.27187 -44.00641  2922.14  2611.63 3.60 3.26  87.1 -0.422 17.91 18.88 01a58151o0788o
58159.579058 -17.124  0.033  -513   17 o  0   1.55 191.27187 -44.00641  1433.77  1273.29 3.88 3.44  75.7 -0.419 18.51 20.63 01a58159o0813o
58159.586157 -17.715  0.062  -298   18 o  0   1.64 191.27187 -44.00641  1455.48  1339.82 3.83 3.31  75.0 -0.419 18.63 20.74 01a58159o0827o
58159.595772 -17.589  0.047  -334   16 o  0   1.49 191.27187 -44.00641  1406.77  1301.90 3.92 3.37  79.6 -0.417 18.76 20.91 01a58159o0848o
58159.602719 -17.328  0.030  -425   13 o  0   1.86 191.27187 -44.00641  1384.01  1449.52 3.78 3.20  81.5 -0.414 18.85 20.94 01a58159o0862o
58161.580033 -20.912  0.713   -16   11 c  0   2.61 191.27187 -44.00641  7605.00  7897.77 2.66 2.53  48.1 -0.474 19.57 21.50 02a58161o0808c
58161.589639  21.852  1.744     7   12 c  0   2.27 191.27187 -44.00641  7648.86  7934.72 2.56 2.45  43.7 -0.479 19.61 21.50 02a58161o0829c
58161.591465 -20.484  0.565   -23   13 c  0   1.93 191.27187 -44.00641  7579.40  7857.96 2.53 2.45  50.3 -0.483 19.62 21.49 02a58161o0833c
58161.602869 -22.460  3.238    -4   12 c  0   1.48 191.27187 -44.00641  7665.24  7816.92 2.66 2.54  55.9 -0.467 19.54 21.44 02a58161o0858c
58167.558169 -16.847  0.067  -662   44 o  0   1.04 191.27187 -44.00641  1094.87  2211.79 4.24 3.82  79.5 -0.392 17.97 20.03 01a58167o0541o
58167.569618 -16.614  0.082  -821   67 o  0   1.11 191.27187 -44.00641  1134.14  2294.67 3.81 3.24  75.6 -0.406 17.26 19.09 01a58167o0566o
58173.498349 -16.720  0.196  -745  146 o  0   1.38 191.27187 -44.00641  2957.66  4103.27 2.45 2.01  57.9 -0.455 16.42 17.69 02a58173o0238o
58173.505649 -15.414  0.410 -2480 1016 o  0   1.18 191.27187 -44.00641  2984.32  4141.61 2.24 1.98  54.4 -0.460 14.71 16.29 02a58173o0254o
58183.462834 -17.456  0.135  -378   51 o  0   1.21 191.27187 -44.00641   879.30  8442.56 4.50 3.50  86.1 -0.351 18.17 19.32 01a58183o0523o
58183.471990 -17.563  0.140  -342   48 o  0   1.32 191.27187 -44.00641   854.92  8370.13 4.13 3.20  89.2 -0.373 18.28 19.33 01a58183o0543o
58183.483439 -17.461  0.132  -376   50 o  0   1.13 191.27187 -44.00641   900.15  8408.18 4.22 3.28  85.4 -0.367 18.23 19.41 01a58183o0568o
58183.493519 -17.445  0.114  -382   44 o  0   1.42 191.27187 -44.00641   907.82  8252.79 4.10 3.35  89.9 -0.378 18.17 19.40 01a58183o0590o
58184.437421 -17.437  0.073  -385   28 o  0   1.32 191.27187 -44.00641  1642.84  9390.27 2.75 2.12  39.1 -0.483 18.81 19.53 02a58184o0460o
58184.438789 -17.580  0.072  -337   24 o  0   2.12 191.27187 -44.00641  1656.49  9429.38 2.86 2.20  43.2 -0.482 18.77 19.54 02a58184o0463o
58184.446174 -17.664  0.098  -312   31 o  0   1.39 191.27187 -44.00641  1599.86  9353.00 2.68 2.12  39.4 -0.467 18.85 19.55 02a58184o0477o
58184.449913 -17.514  0.074  -358   26 o  0   1.57 191.27187 -44.00641  1585.25  9472.77 2.84 2.17  43.3 -0.470 18.80 19.57 02a58184o0485o
58185.440175 -17.541  0.070  -350   25 o  0   1.55 191.27187 -44.00641  1642.35  9390.95 3.04 2.41  40.0 -0.453 18.75 19.79 02a58185o0461o
58185.450312 -17.649  0.101  -316   32 o  0   1.61 191.27187 -44.00641  1653.15  9430.57 3.03 2.35  40.3 -0.444 18.86 19.81 02a58185o0465o
58185.459002 -17.455  0.087  -378   33 o  0   1.24 191.27187 -44.00641  1600.00  9354.55 2.53 2.13  18.9 -0.502 18.53 19.98 02a58185o0480o
58185.470190 -17.571  0.072  -340   24 o  0   1.87 191.27187 -44.00641  1579.86  9476.67 2.52 2.03  18.9 -0.492 18.75 20.16 02a58185o0490o
58187.475457 -15.935  0.144 -1535  222 o  0   1.12 191.27187 -44.00641  9168.11  6434.31 5.43 3.36 -87.4 -0.361 16.34 17.83 01a58187o0549o
58187.564556 -17.619  0.104  -325   34 o  0   1.07 191.27187 -44.00641   130.90  1194.48 2.86 2.15  19.9 -0.524 18.88 19.81 02a58187o0719o
58187.567362 -16.137  0.174 -1274  222 o  0   1.79 191.27187 -44.00641   117.90  1153.58 2.88 2.22  19.9 -0.544 17.04 17.81 02a58187o0723o
58187.579966 -17.015  0.066  -568   37 o  0   1.37 191.27187 -44.00641   190.36  1115.88 3.02 2.38  21.1 -0.498 18.39 19.28 02a58187o0749o
58187.580879 -17.280  0.112  -444   50 o  0   1.21 191.27187 -44.00641   177.67  1232.50 2.84 2.20  16.3 -0.541 18.48 19.40 02a58187o0751o
58187.581335 -17.272  0.088  -448   39 o  0   1.43 191.27187 -44.00641  9601.98  1234.46 2.61 2.30   2.4 -0.512 18.69 19.53 02a58187o0752o
58187.583677 -17.482  0.059  -369   22 o  0   1.84 191.27187 -44.00641  9590.57  1195.67 2.69 2.38   1.3 -0.488 18.69 19.69 02a58187o0755o
58187.585047 -17.183  1.090  -486  530 o  0   1.50 191.27187 -44.00641   151.21  1171.20 2.90 2.25  17.8 -0.637 16.13 17.17 02a58187o0758o
58187.596739   0.000  0.000    -0    0 o  0  -0.00 191.27187 -44.00641  9648.93  1271.20 2.80 2.55  22.7 -0.470 15.44 16.16 02a58187o0782o
58187.601794 -19.058  0.734   -86   63 o  0   1.62 191.27187 -44.00641  9663.20  1151.98 2.74 2.41  -3.1 -0.524 18.66 19.68 02a58187o0791o
58193.451259 -21.062  0.750   -14   10 c  0   1.51 191.27187 -44.00641  9333.44  1946.24 3.08 2.49  56.7 -0.432 19.50 21.18 02a58193o0477c
58193.458102  21.557  1.326     9   12 c  0   1.56 191.27187 -44.00641  9349.23  1984.86 3.16 2.57  59.6 -0.426 19.50 21.19 02a58193o0492c
58193.468064 -20.248  0.381   -29   11 c  0   1.62 191.27187 -44.00641  9291.06  1906.39 3.00 2.48  57.9 -0.430 19.50 21.18 02a58193o0513c
58193.478576  21.349  0.984    10   10 c  0   2.07 191.27187 -44.00641  9272.36  2025.62 2.95 2.47  55.0 -0.431 19.51 21.22 02a58193o0536c
58197.456662 -21.286  1.061   -11   12 c  0   1.30 191.27187 -44.00641  2558.59  1879.93 2.74 2.46  47.6 -0.415 19.38 21.30 02a58197o0084c
58197.467514  20.387  0.452    25   12 c  0   1.64 191.27187 -44.00641  2583.48  1919.79 2.72 2.38  45.7 -0.418 19.41 21.32 02a58197o0107c
58197.476577 -15.797  1.178 -1743 2052 c  0   1.07 191.27187 -44.00641  2495.59  1963.57 2.36 2.12  23.9 -0.447 16.89 18.92 02a58197o0126c
58197.478403 -16.223  1.313 -1178 1546 c  0   1.07 191.27187 -44.00641  2524.27  1844.40 2.64 2.36  48.7 -0.513 15.76 17.73 02a58197o0130c
58213.428632  16.588  0.067   841   56 o  0   1.64 191.27187 -44.00641   387.99  8029.42 2.82 2.44  72.6 -0.434 17.76 19.59 02a58213o0399o
58213.436401  16.389  0.242  1010  244 o  0   1.17 191.27187 -44.00641   375.76  7990.35 2.58 2.17  73.9 -0.470 16.33 18.52 02a58213o0416o
58223.410077  15.779  0.026  1772   46 o  0   1.60 191.27187 -44.00641  2447.66  4604.17 3.44 3.04  85.6 -0.429 17.82 19.32 01a58223o0208o
58223.414658  15.730  0.020  1854   38 o  0   1.22 191.27187 -44.00641  2423.74  4584.66 3.28 2.97  86.5 -0.438 18.08 19.50 01a58223o0218o
58223.420630  15.638  0.034  2018   70 o  0   1.03 191.27187 -44.00641  2386.80  4572.84 3.26 2.91  77.8 -0.437 17.47 18.96 01a58223o0230o
58223.431622  10.740  0.693 183625 127242 o  0   1.01 191.27187 -44.00641  2382.83  4733.38 2.66 2.25  81.3 -0.395 14.39 16.85 01a58223o0254o
58225.411285  15.423  0.148  2458  365 c  0   1.04 191.27187 -44.00641  8311.75  8544.84 4.00 3.10  69.9 -0.394 16.38 19.43 02a58225o0407c
58225.418584  15.276  0.056  2815  158 c  0   1.59 191.27187 -44.00641  8285.20  8505.95 3.98 3.22  67.0 -0.387 15.85 18.87 02a58225o0423c
58225.420412  15.360  0.036  2605   94 c  0   1.36 191.27187 -44.00641  8355.41  8582.54 3.67 2.94  79.4 -0.416 17.25 20.23 02a58225o0427c
58225.425840  15.400  0.036  2512   90 c  0   1.06 191.27187 -44.00641  8370.45  8461.33 3.93 3.25  71.5 -0.391 17.48 20.46 02a58225o0438c
58229.396635 -15.796  1.096 -1744 1911 o  0   1.27 191.27187 -44.00641  7178.78  6465.59 2.57 2.52  77.3 -0.419 14.12 15.23 02a58229o0285o
58229.408700  16.200  0.179  1202  216 o  0   1.02 191.27187 -44.00641  7168.30  6427.64 2.51 2.41  69.7 -0.425 16.24 17.35 02a58229o0310o
58229.416005  15.673  0.039  1954   76 o  0   1.13 191.27187 -44.00641  7225.75  6504.15 2.77 2.67 -76.5 -0.397 17.52 18.72 02a58229o0326o
58229.416460  15.844  0.067  1668  111 o  0   1.04 191.27187 -44.00641  7239.70  6387.86 2.67 2.60 -89.9 -0.380 16.93 18.10 02a58229o0327o
58233.380209  15.956  0.022  1506   33 o  0   1.52 191.27187 -44.00641   668.18  6614.78 2.32 2.17  22.0 -0.447 18.60 19.21 02a58233o0318o
58233.388024  15.947  0.021  1517   32 o  0   1.96 191.27187 -44.00641   641.94  6575.09 2.13 1.93  21.6 -0.473 18.63 19.18 02a58233o0335o
58233.394909  16.097  0.024  1322   31 o  0   3.80 191.27187 -44.00641 10421.90  6649.12 2.25 2.09  62.4 -0.478 18.61 19.19 02a58233o0350o
58233.395821  16.051  0.023  1380   32 o  0   1.89 191.27187 -44.00641   713.23  6654.57 2.14 1.95  23.8 -0.471 18.65 19.17 02a58233o0352o
58233.402249  15.983  0.023  1469   34 o  0   3.01 191.27187 -44.00641 10395.07  6611.78 2.21 2.06  54.4 -0.495 18.71 19.21 02a58233o0366o
58233.405898  16.017  0.022  1423   31 o  0   1.57 191.27187 -44.00641   729.57  6537.28 2.43 2.20  48.7 -0.459 18.58 19.15 02a58233o0374o
58233.411838  15.994  0.024  1454   35 o  0   2.01 191.27187 -44.00641 10467.53  6686.02 2.30 2.11  59.6 -0.499 18.63 19.20 02a58233o0387o
58233.423256  16.086  0.028  1335   37 o  0   2.51 191.27187 -44.00641 10483.14  6568.18 2.45 2.25  60.6 -0.496 18.57 19.20 02a58233o0412o
58245.356931  16.474  0.022   934   21 o  0   4.43 191.27187 -44.00641   907.10  6975.62 2.20 1.90  15.3 -0.474 19.18 20.24 02a58245o0285o
58245.367020  16.496  0.026   915   24 o  0   2.91 191.27187 -44.00641   896.27  6934.27 2.11 1.85  18.2 -0.485 19.02 19.99 02a58245o0306o
58245.367932  16.430  0.025   973   24 o  0   2.83 191.27187 -44.00641   952.12  7014.20 2.08 1.97   7.9 -0.460 18.94 19.93 02a58245o0308o
58245.374314  16.496  0.028   915   26 o  0   1.63 191.27187 -44.00641   967.57  6896.70 2.06 1.93  19.2 -0.475 18.88 19.98 02a58245o0322o
58247.355746  17.375  0.283   407  115 o  0   1.28 191.27187 -44.00641 10260.81  4173.32 3.66 3.23 -83.1 -0.426 17.05 18.55 01a58247o0008o
58247.362650  16.438  0.052   965   51 o  0   1.04 191.27187 -44.00641   477.13  4218.59 3.57 3.52 -61.1 -0.414 17.82 19.32 01a58247o0023o
58247.363566  16.667  0.047   782   37 o  0   1.32 191.27187 -44.00641 10210.00  4124.88 3.70 3.18 -86.6 -0.440 18.03 19.49 01a58247o0025o
58247.370499  16.363  0.025  1034   26 o  0   1.88 191.27187 -44.00641   512.82  4286.97 3.32 3.20  79.9 -0.432 18.58 20.02 01a58247o0040o
58247.371413  16.565  0.034   859   29 o  0   1.66 191.27187 -44.00641 10186.26  4271.53 3.87 3.07 -85.2 -0.439 18.47 19.87 01a58247o0042o
58247.378317  16.327  0.044  1070   47 o  0   1.41 191.27187 -44.00641   460.81  4242.99 3.17 2.99 -84.7 -0.451 18.04 19.38 01a58247o0057o
58247.386124  16.395  0.029  1005   29 o  0   1.87 191.27187 -44.00641   436.24  4391.55 3.38 3.18  78.2 -0.432 18.42 19.81 01a58247o0074o
58250.367120  16.551  0.019   870   17 c  0   1.89 191.27187 -44.00641  7350.72  7390.44 2.72 2.59  61.8 -0.393 19.24 20.79 02a58250o0271c
58250.374920  16.489  0.019   922   18 c  0   1.94 191.27187 -44.00641  7325.59  7351.02 2.83 2.65  68.5 -0.401 19.26 20.85 02a58250o0288c
58250.382735  16.479  0.019   930   18 c  0   2.17 191.27187 -44.00641  7396.71  7426.65 2.69 2.54  68.8 -0.415 19.31 20.84 02a58250o0305c
58250.390542  16.514  0.020   900   18 c  0   1.89 191.27187 -44.00641  7412.51  7308.66 2.61 2.50  74.1 -0.415 19.26 20.79 02a58250o0322c
58251.317939  16.572  0.026   854   22 o  0   1.65 191.27187 -44.00641  9637.48  3273.23 3.49 2.71 -85.5 -0.458 18.97 20.60 01a58251o0166o
58251.325745  16.605  0.025   828   21 o  0   2.10 191.27187 -44.00641  9658.83  3342.67 3.73 2.78 -86.3 -0.450 18.98 20.58 01a58251o0183o
58251.333637  16.531  0.023   886   20 o  0   1.82 191.27187 -44.00641  9607.60  3294.27 3.73 2.79 -85.6 -0.441 19.00 20.58 01a58251o0200o
58251.341456  16.582  0.026   846   22 o  0   1.25 191.27187 -44.00641  9597.26  3442.45 3.86 2.91 -87.6 -0.435 19.00 20.56 01a58251o0217o
58257.353434  16.978  0.055   587   32 c  0   1.06 191.27187 -44.00641  7979.64  7728.20 3.71 3.20  67.8 -0.393 18.41 21.20 02a58257o0259c
58257.361236  16.952  0.050   601   30 c  0   1.34 191.27187 -44.00641  7953.77  7687.85 3.90 3.46  75.6 -0.388 18.34 21.19 02a58257o0276c
58257.369066  16.848  0.043   662   28 c  0   1.80 191.27187 -44.00641  8026.62  7762.71 3.61 3.23  81.9 -0.403 18.42 21.17 02a58257o0293c
58257.376885  17.002  0.049   574   28 c  0   1.53 191.27187 -44.00641  8041.91  7644.54 3.58 3.09  78.2 -0.403 18.40 21.08 02a58257o0310c
58259.333539  17.053  0.039   548   21 o  0   1.79 191.27187 -44.00641 10063.46  3217.90 4.00 3.34  85.6 -0.403 18.77 20.17 01a58259o0221o
58259.341386  17.257  0.056   454   25 o  0   1.48 191.27187 -44.00641 10095.23  3289.90 4.37 3.74  89.8 -0.387 18.62 20.18 01a58259o0238o
58259.348282  17.185  0.045   485   22 o  0   1.74 191.27187 -44.00641   307.44  3352.15 3.34 3.20  88.3 -0.405 18.76 20.21 01a58259o0253o
58259.349200  17.032  0.046   559   26 o  0   1.24 191.27187 -44.00641 10038.93  3242.53 4.04 3.30 -85.2 -0.416 18.78 20.15 01a58259o0255o
58259.356080  17.013  0.039   569   22 o  0   1.41 191.27187 -44.00641   338.56  3420.53 3.35 3.00  83.8 -0.447 18.79 20.24 01a58259o0270o
58259.356996  17.256  0.051   455   23 o  0   1.33 191.27187 -44.00641 10009.52  3389.17 3.98 3.20 -86.7 -0.413 18.74 20.17 01a58259o0272o
58259.363911  17.057  0.045   546   24 o  0   2.03 191.27187 -44.00641   282.55  3376.50 3.50 3.24  62.9 -0.414 18.79 20.21 01a58259o0287o
58259.371725  17.017  0.048   566   27 o  0   1.04 191.27187 -44.00641   257.05  3525.03 4.09 3.73  89.2 -0.373 18.59 20.16 01a58259o0304o
58261.333823  17.246  0.061   459   28 o  0   2.45 191.27187 -44.00641  8066.16  8678.79 2.44 2.16  38.2 -0.446 18.81 19.50 02a58261o0239o
58261.341617  17.287  0.065   442   29 o  0   1.40 191.27187 -44.00641  8055.43  8639.25 2.33 2.08  48.5 -0.470 18.83 19.49 02a58261o0256o
58261.349416  17.421  0.069   391   27 o  0   1.79 191.27187 -44.00641  8113.06  8714.94 2.35 2.16  49.0 -0.470 18.84 19.47 02a58261o0273o
58261.357218  17.240  0.059   462   27 o  0   2.18 191.27187 -44.00641  8142.50  8596.50 2.33 2.13  50.0 -0.465 18.82 19.45 02a58261o0290o
58263.341140  17.410  0.213   394   84 o  0   1.22 191.27187 -44.00641  1665.07  1884.38 3.17 2.93 -17.6 -0.426 16.95 18.06 01a58263o0229o
58263.348952 -16.071  6.622 -1354 8965 o  0   1.18 191.27187 -44.00641  1681.02  1955.29 19.97 7.93   3.9 -0.136 13.46 14.12 01a58263o0246o
58263.356787  16.648  0.548   796  436 o  0   1.17 191.27187 -44.00641  1624.45  1909.73 3.20 2.96  -1.2 -0.432 14.89 15.72 01a58263o0263o
58263.364603 -19.209 41.500   -75 3123 o  0   1.03 191.27187 -44.00641  1611.25  2058.69 18.68 8.59 -87.1 -0.136 14.53 15.04 01a58263o0280o
58273.324288  20.560  2.188    22   47 o  0   1.45 191.27187 -44.00641  8422.42  7403.20 2.58 2.16  82.7 -0.455 17.77 19.89 02a58273o0189o
58273.332107 -20.012  5.250   -36  189 o  0   1.74 191.27187 -44.00641  8411.03  7363.40 2.75 2.31  84.5 -0.450 16.14 18.25 02a58273o0206o
58273.339476  19.846  2.818    42  118 o  0   1.84 191.27187 -44.00641  8468.79  7438.36 2.68 2.21  87.2 -0.458 16.71 18.66 02a58273o0222o
58273.347296 -17.388  0.267  -403  107 o  0   1.28 191.27187 -44.00641  8498.81  7319.56 2.86 2.35  85.9 -0.449 17.33 19.16 02a58273o0239o
58274.309498  18.895  0.202   100   20 o  0   1.38 191.27187 -44.00641  8925.73  7055.14 2.71 2.46  55.4 -0.411 18.97 20.12 02a58274o0162o
58274.318882  18.727  0.322   117   38 o  0   1.15 191.27187 -44.00641  8941.42  7034.36 3.33 2.90  75.2 -0.417 18.29 20.60 02a58274o0178o
58274.332597  18.207  0.173   189   33 o  0   1.39 191.27187 -44.00641  8889.46  7015.74 3.32 2.85  79.6 -0.419 18.29 20.47 02a58274o0208o
58274.337270  19.367  0.464    65   30 o  0   1.69 191.27187 -44.00641  8973.62  7090.52 3.28 2.88  78.3 -0.420 18.24 20.40 02a58274o0216o
58275.309948  19.951  0.448    38   17 o  0   1.54 191.27187 -44.00641  2889.95  3697.35 2.77 2.71  77.0 -0.482 19.00 20.38 01a58275o0184o
58275.317808  19.301  0.218    69   15 o  0   2.62 191.27187 -44.00641  2904.97  3767.13 2.89 2.67  84.0 -0.472 18.99 20.36 01a58275o0201o
58275.325693 -20.920  1.267   -16   20 o  0   1.46 191.27187 -44.00641  2848.67  3722.11 2.95 2.82  81.9 -0.462 18.95 20.38 01a58275o0218o
58275.333560  19.631  0.339    51   17 o  0   1.55 191.27187 -44.00641  2834.62  3869.64 2.87 2.76  72.5 -0.463 18.93 20.33 01a58275o0235o
58279.310746  20.050  0.445    35   15 o  0   1.65 191.27187 -44.00641  2208.68  2776.22 2.93 2.80  -1.4 -0.449 19.04 20.66 01a58279o0158o
58279.318603 -20.182  0.524   -31   16 o  0   1.83 191.27187 -44.00641  2237.06  2845.34 2.89 2.74  75.2 -0.465 18.98 20.61 01a58279o0175o
58279.326029 -19.002  0.177   -91   16 o  0   3.09 191.27187 -44.00641  2178.88  2798.75 2.95 2.77  82.0 -0.458 18.95 20.52 01a58279o0191o
58281.309793  17.863  0.095   260   25 c  0   1.21 191.27187 -44.00641  9530.29  6826.00 3.39 2.90  78.6 -0.417 18.67 21.19 02a58281o0104c
58281.317158  17.583  0.078   336   26 c  0   1.28 191.27187 -44.00641  9518.71  6787.14 3.72 3.19  76.5 -0.372 18.50 21.11 02a58281o0120c
58281.325017  18.019  0.125   225   28 c  0   1.41 191.27187 -44.00641  9577.19  6861.51 3.59 3.00  81.6 -0.417 18.55 21.02 02a58281o0137c
58283.287379 -21.721  1.849    -7   14 o  0   1.56 191.27187 -44.00641  8418.77  2227.79 2.45 2.24  57.8 -0.454 19.24 20.35 02a58283o0096o
58283.305472  20.648  1.067    20   21 o  0   1.39 191.27187 -44.00641  2176.40  3840.02 3.35 2.94  -5.3 -0.439 18.90 20.50 01a58283o0124o
58283.307381 -20.200  0.438   -30   13 o  0   2.19 191.27187 -44.00641  8365.91  2282.12 2.42 2.18  63.6 -0.458 19.26 20.39 02a58283o0138o
58283.312875 -20.096  0.534   -33   18 o  0   1.46 191.27187 -44.00641  2187.63  3878.67 2.89 2.87  46.7 -0.464 18.94 20.50 01a58283o0140o
58283.314468  23.070  5.400     2   12 o  0   2.34 191.27187 -44.00641  8364.91  2286.78 2.45 2.27 -84.2 -0.429 19.23 20.41 02a58283o0153o
58283.320766 -19.568  0.319   -54   17 o  0   2.09 191.27187 -44.00641  2126.97  3804.22 3.14 3.07  -4.0 -0.443 18.90 20.47 01a58283o0157o
58283.325724 -18.803  0.118  -109   13 o  0   2.95 191.27187 -44.00641  8367.73  2285.51 2.55 2.41  72.4 -0.443 19.21 20.42 02a58283o0177o
58283.337008 -19.278  0.232   -71   16 o  0   1.51 191.27187 -44.00641  8369.39  2285.37 2.51 2.35  89.5 -0.445 19.21 20.37 02a58283o0201o
58285.278286  17.898  0.062   252   16 c  0   1.80 191.27187 -44.00641   944.23  6339.32 2.66 2.46  28.3 -0.423 19.21 20.80 02a58285o0079c
58285.286313  17.887  0.074   254   19 c  0   1.48 191.27187 -44.00641   931.82  6299.61 2.63 2.46  29.4 -0.416 19.04 20.66 02a58285o0096c
58285.294265  17.814  0.063   272   17 c  0   1.44 191.27187 -44.00641   990.01  6377.62 2.64 2.49  43.9 -0.421 19.20 20.83 02a58285o0113c
58285.302235  17.763  0.054   285   16 c  0   1.47 191.27187 -44.00641  1007.27  6259.89 2.62 2.47  42.0 -0.425 19.30 20.92 02a58285o0130c
58287.295529 -19.183  0.269   -77   21 o  0   2.41 191.27187 -44.00641  3072.30  1900.92 3.28 2.66   0.1 -0.447 18.58 19.75 01a58287o0121o
58287.302950 -19.343  0.386   -66   26 o  0   1.26 191.27187 -44.00641  3085.47  1938.17 2.97 2.75   0.2 -0.463 18.58 19.74 01a58287o0137o
58291.274288 -19.184  0.451   -77   35 o  0   0.88 191.27187 -44.00641  9517.84  3964.73 3.09 2.86   2.5 -0.447 18.40 19.28 01a58291o0077o
58291.282172  22.706 10.154     3   30 o  0   1.37 191.27187 -44.00641  9545.64  4003.51 3.30 2.88 -84.0 -0.461 18.34 19.26 01a58291o0094o
58299.275568 -18.289  0.196  -176   34 o  0   0.89 191.27187 -44.00641  3022.57  5296.02 3.01 2.86  -0.7 -0.475 18.63 19.87 01a58299o0082o
58491.613873 -17.500  0.036  -363   13 o  0   1.66 191.27187 -44.00641  2809.87  5428.44 3.35 3.22  59.0 -0.438 19.17 21.35 01a58491o0902o
58491.623557 -17.431  0.037  -387   14 o  0   1.90 191.27187 -44.00641  2783.79  5355.98 3.83 3.43  74.5 -0.439 19.07 21.31 01a58491o0923o
58491.634614 -17.352  0.032  -416   13 o  0   1.45 191.27187 -44.00641  2830.39  5395.58 3.63 3.41  66.3 -0.419 19.12 21.30 01a58491o0947o
58491.643828 -17.365  0.027  -411   11 o  0   2.10 191.27187 -44.00641  2834.36  5245.59 3.53 3.27  72.0 -0.435 19.17 21.31 01a58491o0967o
58493.616695 -19.284  0.232   -70   16 c  0   1.62 191.27187 -44.00641  2431.83  5313.06 2.82 2.64  -1.8 -0.411 18.86 21.24 02a58493o0909c
58493.627219 -20.101  0.592   -33   20 c  0   1.34 191.27187 -44.00641  2443.52  5350.45 2.78 2.62   6.5 -0.416 18.85 21.19 02a58493o0932c
58493.638209  22.257  4.214     4   19 c  0   1.22 191.27187 -44.00641  2385.04  5273.50 2.65 2.48   8.6 -0.415 18.86 21.20 02a58493o0956c
58493.648727 -21.310  1.933   -11   21 c  0   1.35 191.27187 -44.00641  2366.53  5390.00 2.66 2.53  16.4 -0.419 18.74 21.13 02a58493o0979c
58495.671357 -17.497  0.182  -364   66 o  0   0.99 191.27187 -44.00641  4977.69  3164.26 3.34 3.20 -89.5 -0.417 17.48 18.25 01a58495o1027o
58497.612224 -17.426  0.032  -389   12 o  0   1.28 191.27187 -44.00641  7324.66  7236.40 2.32 2.19 -50.0 -0.426 19.44 20.88 02a58497o0901o
58497.623211 -17.410  0.032  -394   12 o  0   1.76 191.27187 -44.00641  7336.83  7275.23 2.16 2.07 -47.0 -0.456 19.48 20.96 02a58497o0925o
58497.632357 -17.415  0.025  -393   10 o  0   2.25 191.27187 -44.00641  7277.62  7196.47 2.17 2.10 -40.3 -0.453 19.47 20.94 02a58497o0945o
58497.643817 -17.553  0.036  -346   12 o  0   1.46 191.27187 -44.00641  7244.59  7312.32 2.26 2.12 -49.7 -0.428 19.49 21.00 02a58497o0970o
58503.618432 -17.561  0.151  -343   52 o  0   1.04 191.27187 -44.00641  4708.10  5311.24 3.72 3.21 -86.5 -0.420 18.09 19.13 01a58503o0897o
58503.628749 -17.296  0.084  -438   37 o  0   1.37 191.27187 -44.00641  6065.72  5046.84 3.60 3.27 -84.7 -0.410 18.11 19.24 01a58503o0919o
58503.640179 -17.343  0.088  -420   37 o  0   1.15 191.27187 -44.00641  4739.09  5267.38 3.27 3.06 -73.1 -0.427 18.11 19.26 01a58503o0943o
58503.644972 -17.463  0.094  -376   35 o  0   1.32 191.27187 -44.00641  6010.55  5149.30 3.70 3.36 -84.4 -0.411 18.13 19.19 01a58503o0953o
58507.569420 -17.287  0.090  -442   40 o  0   1.32 191.27187 -44.00641   917.53  5309.53 3.39 3.13  89.1 -0.438 18.34 19.39 01a58507o0770o
58511.574754 -17.285  0.054  -443   24 o  0   1.15 191.27187 -44.00641  4091.93  1419.35 4.12 3.58  82.5 -0.405 18.61 20.30 01a58511o0492o
58511.581196 -17.355  0.052  -415   22 o  0   1.35 191.27187 -44.00641  4076.96  1381.19 3.97 3.51  80.0 -0.401 18.67 20.33 01a58511o0506o
58511.589024 -17.459  0.049  -377   18 o  0   1.37 191.27187 -44.00641  4132.97  1459.32 3.29 3.05  76.7 -0.439 18.88 20.37 01a58511o0523o
58511.593677 -17.497  0.054  -364   20 o  0   1.25 191.27187 -44.00641  4145.06  1343.05 3.43 3.04  76.3 -0.434 18.87 20.38 01a58511o0533o
58519.587559 -17.377  0.046  -406   19 o  0   1.19 191.27187 -44.00641 10353.19  3360.32 4.82 3.42 -84.9 -0.414 19.02 21.29 01a58519o0832o
58519.592630 -17.434  0.043  -386   17 o  0   1.60 191.27187 -44.00641   849.18  3518.20 3.00 2.92  82.7 -0.456 19.05 21.14 01a58519o0843o
58519.594472 -17.417  0.044  -392   17 o  0   1.30 191.27187 -44.00641 10367.06  3398.14 4.70 3.03 -85.0 -0.432 19.22 21.30 01a58519o0847o
58519.595394 -17.324  0.037  -427   16 o  0   1.65 191.27187 -44.00641 10309.42  3319.37 4.73 3.14 -85.3 -0.415 19.19 21.30 01a58519o0849o
58519.601380 -17.287  0.033  -442   14 o  0   1.82 191.27187 -44.00641 10282.65  3435.26 4.55 3.36 -81.8 -0.427 19.13 21.32 01a58519o0862o
58519.604144 -17.551  0.039  -346   13 o  0   1.72 191.27187 -44.00641   877.74  3553.81 3.27 2.79  88.9 -0.461 19.19 21.28 01a58519o0868o
58519.614614 -17.480  0.032  -370   12 o  0   2.25 191.27187 -44.00641   805.79  3479.73 3.07 2.89 -74.8 -0.458 19.28 21.34 01a58519o0890o
58519.620140 -17.621  0.045  -325   15 o  0   1.67 191.27187 -44.00641   793.23  3596.33 3.16 2.88 -83.3 -0.455 19.25 21.34 01a58519o0902o
58523.576375 -17.299  0.032  -437   14 o  0   2.07 191.27187 -44.00641  7291.93  9124.05 4.12 3.23 -83.1 -0.393 18.81 20.61 01a58523o0665o
58523.588073 -17.556  0.037  -345   13 o  0   1.76 191.27187 -44.00641  3286.39  1506.19 3.28 2.97  83.5 -0.446 18.65 20.82 01a58523o0690o
58523.598539 -17.568  0.035  -341   12 o  0   1.42 191.27187 -44.00641  3212.90  1429.85 3.12 2.83  87.8 -0.453 18.92 21.06 01a58523o0712o
58523.604063 -17.606  0.036  -329   12 o  0   1.88 191.27187 -44.00641  3201.92  1546.58 3.06 2.80  87.5 -0.461 19.03 21.11 01a58523o0724o
58527.548288 -17.502  0.036  -362   13 o  0   1.57 191.27187 -44.00641  1717.47  3340.65 3.41 3.01  79.1 -0.444 19.15 20.98 01a58527o0716o
58531.561109 -17.071  0.098  -539   53 o  0   1.13 191.27187 -44.00641 10282.01  9191.55 5.19 3.66 -79.1 -0.324 18.38 19.47 01a58531o0763o
58531.567098 -16.662  0.057  -786   45 o  0   1.86 191.27187 -44.00641 10297.06  9231.27 6.28 4.31 -79.3 -0.246 18.23 19.46 01a58531o0776o
58531.579989 -17.561  0.102  -343   35 o  0   1.52 191.27187 -44.00641  1274.94  9321.19 3.68 3.55 -79.7 -0.411 18.31 19.50 01a58531o0804o
58531.581833 -17.037  0.096  -556   54 o  0   1.21 191.27187 -44.00641 10238.87  9149.34 6.63 4.82 -77.1 -0.210 18.16 19.46 01a58531o0808o
58531.586900 -17.387  0.100  -403   40 o  0   1.08 191.27187 -44.00641  1288.96  9359.52 4.18 3.93 -76.4 -0.369 18.24 19.53 01a58531o0819o
58531.592903 -17.195  0.098  -481   47 o  0   0.99 191.27187 -44.00641 10227.55  9265.37 5.87 4.36 -79.0 -0.273 18.19 19.46 01a58531o0832o
58531.594742 -17.556  0.130  -345   45 o  0   0.84 191.27187 -44.00641  1233.03  9283.20 3.82 3.71 -29.2 -0.406 18.27 19.53 01a58531o0836o
58531.606717 -17.869  0.120  -258   31 o  0   1.74 191.27187 -44.00641  1221.82  9399.35 3.59 3.46 -70.4 -0.421 18.42 19.58 01a58531o0862o
58539.561925 -17.508  0.064  -360   23 o  0   1.50 191.27187 -44.00641  1630.33  1528.17 3.33 3.13  78.4 -0.436 18.54 19.86 01a58539o0743o
58539.570684 -17.390  0.058  -402   23 o  0   1.64 191.27187 -44.00641  1645.66  1565.39 3.48 3.30  56.8 -0.434 18.51 19.90 01a58539o0762o
58539.579433 -17.606  0.083  -329   27 o  0   1.08 191.27187 -44.00641  1587.44  1488.58 3.50 3.35  59.5 -0.432 18.48 19.90 01a58539o0781o
58539.588205 -17.170  0.057  -492   28 o  0   1.28 191.27187 -44.00641  1576.43  1605.43 3.89 3.81   9.6 -0.401 18.41 19.86 01a58539o0800o
58543.519235 -17.234  0.033  -464   15 o  0   1.92 191.27187 -44.00641  2431.11  5377.62 3.06 3.00  66.8 -0.459 18.96 20.72 01a58543o0648o
58543.526311 -17.522  0.034  -356   12 o  0   1.95 191.27187 -44.00641  8124.24  5176.40 3.20 2.89  89.0 -0.443 19.14 20.86 01a58543o0663o
58543.534792 -17.413  0.035  -393   14 o  0   1.69 191.27187 -44.00641  2390.50  5340.43 3.03 2.90  -3.7 -0.456 19.13 20.82 01a58543o0681o
58543.549731 -17.370  0.036  -409   15 o  0   1.49 191.27187 -44.00641  2398.80  5456.35 3.47 3.21 -14.8 -0.406 19.13 20.88 01a58543o0708o
58547.505549 -17.397  0.040  -399   16 o  0   1.81 191.27187 -44.00641  3209.76  3357.34 3.36 3.22   2.7 -0.430 18.89 20.67 01a58547o0636o
58547.517449 -16.540  0.169  -879  149 o  0   1.33 191.27187 -44.00641  7384.36  7238.63 3.70 3.25 -89.0 -0.424 16.64 18.40 01a58547o0661o
58547.528383 -16.838  0.106  -668   71 o  0   1.46 191.27187 -44.00641  7323.83  7160.32 3.46 3.14 -84.4 -0.425 17.39 19.06 01a58547o0684o
58547.532533 -17.087  0.173  -531   92 o  0   1.32 191.27187 -44.00641  7301.91  7276.26 3.29 3.06  89.9 -0.426 17.51 19.12 01a58547o0693o
58551.526634 -16.953  0.099  -601   59 o  0   1.20 191.27187 -44.00641  3163.17  9225.56 3.30 3.10 -73.3 -0.439 17.60 19.20 01a58551o0680o
58551.536307 -15.187  0.204 -3056  624 o  0   1.39 191.27187 -44.00641  3179.13  9262.85 3.17 3.01 -65.4 -0.466 15.65 17.32 01a58551o0701o
58551.555701 -15.069  0.217 -3409  741 o  0   1.47 191.27187 -44.00641  3110.50  9302.38 3.58 3.36 -66.5 -0.432 14.71 16.49 01a58551o0743o
58555.525113 -17.576  0.045  -339   15 o  0   1.51 191.27187 -44.00641  6786.63  3372.12 3.41 3.27 -70.3 -0.411 18.99 20.78 01a58555o0673o
58555.534357 -17.389  0.218  -402   88 o  0   0.98 191.27187 -44.00641  6729.37  3294.23 3.68 3.51 -61.2 -0.393 17.59 19.42 01a58555o0693o
58559.485190 -17.533  0.101  -352   36 o  0   1.27 191.27187 -44.00641  1643.22  7354.16 3.26 3.18  -9.3 -0.434 18.53 19.78 01a58559o0539o
58559.493502 -17.516  0.088  -358   32 o  0   1.22 191.27187 -44.00641  1671.34  7391.71 3.37 3.15  84.7 -0.438 18.60 19.81 01a58559o0557o
58559.500868 -17.371  0.082  -409   34 o  0   1.54 191.27187 -44.00641  1614.51  7316.50 3.81 3.64  74.0 -0.408 18.50 19.81 01a58559o0573o
58559.508596 -17.281  0.071  -444   32 o  0   1.80 191.27187 -44.00641  1591.38  7434.23 3.31 3.27  83.2 -0.447 18.53 19.80 01a58559o0589o
58567.473297 -17.769  0.499  -284  141 o  0   0.98 191.27187 -44.00641  5477.21  7258.12 3.21 3.15 -65.4 -0.434 17.35 18.11 01a58567o0559o
58567.482195 -16.932  0.642  -612  393 o  0   1.04 191.27187 -44.00641  5420.59  7182.49 3.06 3.01 -32.2 -0.486 16.59 17.34 01a58567o0577o
58567.483576 -16.284  0.499 -1113  556 o  0   0.86 191.27187 -44.00641  5408.81  7298.79 3.08 2.89 -13.7 -0.470 16.23 16.72 01a58567o0580o
58571.471689 -17.145  0.047  -504   24 o  0   1.26 191.27187 -44.00641  4619.75  9179.48 4.76 4.54 -47.5 -0.383 18.63 20.61 01a58571o0479o
58571.481376 -17.395  0.046  -400   18 o  0   1.25 191.27187 -44.00641  4649.78  9217.64 3.31 3.22 -69.8 -0.440 19.04 20.63 01a58571o0500o
58571.493367 -17.587  0.063  -335   21 o  0   1.41 191.27187 -44.00641  4593.71  9138.34 4.06 3.96 -65.0 -0.398 18.82 20.65 01a58571o0526o
58571.499812 -17.426  0.071  -389   28 o  0   0.97 191.27187 -44.00641  4567.13  9256.23 4.57 4.50 -33.0 -0.396 18.60 20.52 01a58571o0540o
58575.458685 -17.383  0.045  -404   18 o  0   1.82 191.27187 -44.00641  8378.69  9153.91 3.16 3.04  78.8 -0.433 18.91 20.45 01a58575o0522o
58575.467440 -17.450  0.041  -380   16 o  0   1.95 191.27187 -44.00641  8408.16  9192.61 3.06 2.88  84.7 -0.445 19.01 20.39 01a58575o0541o
58575.476197 -17.441  0.054  -384   21 o  0   1.69 191.27187 -44.00641  8350.82  9112.79 3.49 3.37  68.4 -0.409 18.80 20.34 01a58575o0560o
58575.484970 -17.350  0.045  -417   19 o  0   1.37 191.27187 -44.00641  8325.36  9228.45 3.04 2.92  77.5 -0.450 18.95 20.38 01a58575o0579o
58577.446306  22.637  3.824     3   12 c  0   1.55 191.27187 -44.00641  1729.64  3274.97 2.81 2.63  63.9 -0.400 19.31 21.22 02a58577o0487c
58577.454101 -21.862  2.000    -6   13 c  0   1.42 191.27187 -44.00641  1703.02  3235.62 2.73 2.55  61.7 -0.398 19.34 21.21 02a58577o0504c
58577.464619  21.712  1.622     8   12 c  0   2.00 191.27187 -44.00641  1776.69  3317.05 2.90 2.73  81.8 -0.399 19.28 21.22 02a58577o0527c
58577.468734 -21.225  1.141   -12   13 c  0   1.38 191.27187 -44.00641  1790.31  3200.91 2.60 2.45  79.8 -0.408 19.38 21.21 02a58577o0536c
58579.438958 -17.291  0.037  -440   16 o  0   1.54 191.27187 -44.00641  3981.03  5323.62 3.62 3.39  -9.5 -0.403 18.88 20.55 01a58579o0441o
58579.447251 -17.925  0.078  -246   19 o  0   1.91 191.27187 -44.00641  3996.11  5360.61 3.64 3.55  15.1 -0.403 18.85 20.46 01a58579o0459o
58579.458305 -17.530  0.061  -353   21 o  0   1.24 191.27187 -44.00641  3939.99  5283.16 3.82 3.55  -7.2 -0.393 18.78 20.39 01a58579o0483o
58579.468893 -17.469  0.054  -374   20 o  0   1.75 191.27187 -44.00641  3914.13  5398.50 3.59 3.48  -3.9 -0.409 18.78 20.35 01a58579o0506o
58581.450681 -21.750  2.025    -7   15 c  0   0.98 191.27187 -44.00641   357.27  1266.66 2.93 2.38 -60.3 -0.424 19.34 21.13 02a58581o0486c
58581.459448 -22.351  3.304    -4   14 c  0   1.11 191.27187 -44.00641   343.45  1227.00 2.92 2.39 -60.0 -0.420 19.36 21.10 02a58581o0505c
58581.464519 -20.865  0.755   -16   12 c  0   1.48 191.27187 -44.00641  9362.44  1317.66 2.74 2.39 -66.2 -0.411 19.38 21.14 02a58581o0516c
58581.469096  22.922  5.467     2   14 c  0   1.41 191.27187 -44.00641   402.25  1308.21 2.66 2.32 -67.1 -0.431 19.37 21.07 02a58581o0526c
58581.473237  22.409  3.696     4   15 c  0   1.39 191.27187 -44.00641  9349.41  1282.04 2.89 2.26 -59.3 -0.429 19.38 21.11 02a58581o0535c
58581.477883  19.927  0.358    39   14 c  0   1.70 191.27187 -44.00641   416.94  1191.42 2.68 2.36 -68.4 -0.425 19.32 21.04 02a58581o0545c
58581.482919 -23.213  7.900    -2   15 c  0   1.58 191.27187 -44.00641  9406.80  1358.85 3.03 2.34 -57.3 -0.429 19.35 21.07 02a58581o0556c
58581.491679  20.087  0.410    34   14 c  0   1.74 191.27187 -44.00641  9422.87  1241.44 3.02 2.30 -58.6 -0.435 19.32 21.06 02a58581o0575c
58583.442058 -17.417  0.053  -392   21 o  0   1.43 191.27187 -44.00641  9290.50  1396.70 3.72 3.51 -47.1 -0.386 18.67 20.23 01a58583o0349o
58583.451343 -17.500  0.054  -363   19 o  0   1.11 191.27187 -44.00641  9318.94  1436.49 3.27 3.11 -34.4 -0.417 18.86 20.27 01a58583o0369o
58583.460561 -17.434  0.049  -386   19 o  0   1.57 191.27187 -44.00641  9247.21  1356.77 3.32 3.15 -56.2 -0.416 18.84 20.25 01a58583o0389o
58583.470279 -17.519  0.057  -357   20 o  0   1.47 191.27187 -44.00641  9234.94  1473.84 3.61 3.38 -54.6 -0.404 18.68 20.19 01a58583o0410o
58597.377260 -17.366  0.064  -411   26 o  0   1.04 191.27187 -44.00641  3226.87  3316.84 2.28 1.93 -88.4 -0.447 18.57 20.70 02a58597o0334o
58597.384122 -17.549  0.075  -347   26 o  0   1.43 191.27187 -44.00641  3212.92  3278.58 2.34 2.05 -84.5 -0.444 18.56 20.67 02a58597o0349o
58597.391351 -17.465  0.066  -375   25 o  0   1.07 191.27187 -44.00641  3268.24  3355.65 2.34 2.09 -85.5 -0.437 18.56 20.53 02a58597o0364o
58597.398791 -17.415  0.066  -392   26 o  0   1.27 191.27187 -44.00641  3297.50  3241.86 2.23 2.03  87.5 -0.451 18.61 20.30 02a58597o0380o
58599.405881 -17.514  0.032  -358   12 o  0   1.97 191.27187 -44.00641  7270.63  1392.10 3.57 3.06 -12.6 -0.399 19.22 20.99 01a58599o0394o
58599.414198 -17.383  0.034  -404   14 o  0   1.86 191.27187 -44.00641  7297.81  1430.49 3.57 3.00  -7.8 -0.405 19.15 20.96 01a58599o0412o
58599.422049 -17.347  0.032  -418   13 o  0   1.71 191.27187 -44.00641  7225.40  1352.66 3.07 2.72  -6.6 -0.443 19.26 20.86 01a58599o0429o
58599.430355 -17.414  0.030  -393   12 o  0   1.98 191.27187 -44.00641  7212.67  1469.09 3.68 2.95  -9.9 -0.404 19.25 20.89 01a58599o0447o
58605.407870  20.856  0.922    16   15 c  0   1.36 191.27187 -44.00641  3741.38  7192.27 3.01 2.49  48.0 -0.358 19.17 21.07 02a58605o0362c
58605.417375 -20.435  0.573   -24   14 c  0   1.62 191.27187 -44.00641  3729.93  7153.75 2.64 2.49  62.6 -0.379 19.16 21.02 02a58605o0382c
58605.426644  21.200  1.660    12   20 c  0   1.63 191.27187 -44.00641  3786.82  7231.70 2.65 2.53  74.3 -0.387 19.03 20.87 02a58605o0402c
58607.380482 -14.985  0.108 -3680  397 o  0   0.81 191.27187 -44.00641   483.61  5482.79 4.71 4.21  -5.4 -0.357 16.07 18.12 01a58607o0336o
58607.389229 -15.015  0.090 -3582  323 o  0   0.90 191.27187 -44.00641  9738.25  5368.57 5.30 4.36   2.8 -0.557 16.40 18.46 01a58607o0355o
58607.409721 -14.536  0.077 -5564  427 o  0   1.02 191.27187 -44.00641   430.62  5560.85 4.86 4.54 -13.4 -0.366 15.59 17.58 01a58607o0398o
58609.373495  19.408  0.564    63   35 c  0   1.14 191.27187 -44.00641  8967.60  3281.99 3.09 2.73 -69.3 -0.378 18.51 20.56 02a58609o0203c
58609.380395  19.872  0.755    41   31 c  0   1.57 191.27187 -44.00641  8939.68  3244.38 3.22 2.93 -70.9 -0.382 18.57 20.67 02a58609o0218c
58609.387756  20.092  0.773    33   26 c  0   1.84 191.27187 -44.00641  8995.89  3321.07 3.26 2.95 -72.7 -0.377 18.61 20.72 02a58609o0234c
58611.329766 -17.119  0.048  -516   25 o  0   1.39 191.27187 -44.00641  4958.00  1037.29 4.05 3.01 -19.1 -0.413 18.60 20.27 01a58611o0208o
58611.331707 -17.313  0.056  -432   24 o  0   1.20 191.27187 -44.00641  4979.09  1075.52 4.13 3.11 -19.4 -0.407 18.59 20.25 01a58611o0212o
58611.337423 -17.366  0.048  -411   20 o  0   1.74 191.27187 -44.00641  4916.24   998.14 4.17 3.16 -18.1 -0.391 18.63 20.23 01a58611o0224o
58611.354863 -17.318  0.048  -429   21 o  0   1.12 191.27187 -44.00641  4891.66  1114.36 3.96 3.22 -14.0 -0.391 18.87 20.30 01a58611o0260o
58619.328771 -17.464  0.128  -375   48 o  0   1.16 191.27187 -44.00641  5189.87  2976.32 3.82 3.07 -10.0 -0.430 17.91 18.70 01a58619o0206o
58619.331539 -17.406  0.105  -396   42 o  0   1.38 191.27187 -44.00641  5209.76  3014.24 3.79 3.12 -10.3 -0.433 17.93 18.73 01a58619o0212o
58619.337643 -17.274  0.101  -447   45 o  0   1.00 191.27187 -44.00641  5149.24  2937.44 3.69 3.03 -10.3 -0.441 17.92 18.74 01a58619o0225o
58619.349169 -17.384  0.104  -404   42 o  0   1.46 191.27187 -44.00641  5132.11  3052.59 3.72 3.08 -11.4 -0.438 17.93 18.73 01a58619o0250o
58621.342088 -17.663  0.141  -312   44 o  0   1.01 191.27187 -44.00641  4554.43  3727.06 2.69 2.05  43.4 -0.421 17.97 18.18 02a58621o0234o
58621.345057 -17.482  0.130  -369   48 o  0   0.78 191.27187 -44.00641  4536.18  3686.91 2.49 2.05  45.3 -0.446 17.97 18.17 02a58621o0240o
58621.351732 -17.665  0.140  -312   44 o  0   1.35 191.27187 -44.00641  4593.51  3764.83 2.64 1.99  45.2 -0.435 17.95 18.15 02a58621o0254o
58621.362217 -17.544  0.149  -349   52 o  0   0.70 191.27187 -44.00641  4613.55  3649.52 2.62 2.06  46.0 -0.437 17.94 18.12 02a58621o0276o
58623.352310 -17.378  0.091  -406   37 o  0   1.19 191.27187 -44.00641  5187.91  2970.49 3.55 3.04 -11.0 -0.446 18.15 18.99 01a58623o0256o
58623.355099 -17.477  0.097  -371   36 o  0   1.63 191.27187 -44.00641  5207.88  3008.69 3.58 3.04 -12.9 -0.442 18.10 18.98 01a58623o0262o
58623.362098 -17.525  0.102  -355   36 o  0   1.48 191.27187 -44.00641  5147.60  2932.09 3.58 3.04 -11.9 -0.440 18.09 18.95 01a58623o0277o
58623.372366 -17.304  0.098  -435   42 o  0   0.96 191.27187 -44.00641  5129.49  3048.43 3.62 3.08 -14.4 -0.446 18.07 18.88 01a58623o0299o
58625.335435 -17.585  0.046  -336   15 o  0   1.68 191.27187 -44.00641  4553.99  3725.11 2.61 2.09  44.7 -0.445 19.07 20.06 02a58625o0208o
58625.338298 -17.670  0.042  -310   13 o  0   1.83 191.27187 -44.00641  4535.42  3685.86 2.53 2.05  44.1 -0.444 19.10 19.97 02a58625o0214o
58625.343512 -17.397  0.042  -399   17 o  0   1.56 191.27187 -44.00641  4593.72  3762.87 2.54 2.04  46.4 -0.445 18.99 19.85 02a58625o0225o
58625.353360 -17.567  0.060  -342   20 o  0   1.47 191.27187 -44.00641  4614.77  3647.79 2.43 2.30  56.6 -0.443 18.81 19.67 02a58625o0246o
58627.278781 -17.333  0.036  -424   15 o  0   1.59 191.27187 -44.00641  9362.19  1160.31 4.02 3.08 -10.6 -0.358 19.12 20.80 01a58627o0109o
58627.281540 -17.461  0.038  -376   14 o  0   1.59 191.27187 -44.00641  9342.85  1123.16 4.04 3.08 -10.9 -0.359 19.11 20.80 01a58627o0115o
58627.286604 -17.373  0.039  -408   16 o  0   1.33 191.27187 -44.00641  9400.69  1199.15 4.12 3.09 -10.3 -0.353 19.11 20.83 01a58627o0126o
58627.298423 -17.295  0.031  -439   13 o  0   1.85 191.27187 -44.00641  1184.46  9512.31 2.72 2.49 -57.6 -0.508 19.23 20.95 01a58627o0151o
58631.271794 -17.350  0.044  -417   18 o  0   1.36 191.27187 -44.00641  9366.42  1162.11 4.36 3.33 -14.4 -0.334 18.95 20.62 01a58631o0020o
58631.274560 -17.184  0.031  -486   15 o  0   1.84 191.27187 -44.00641  9343.35  1124.40 3.71 3.06 -18.2 -0.380 19.05 20.64 01a58631o0026o
58631.289197 -17.480  0.040  -370   15 o  0   1.57 191.27187 -44.00641  1198.23  9392.56 2.69 2.49 -77.1 -0.522 19.21 20.75 01a58631o0057o
58631.295577 -17.676  0.038  -309   12 o  0   3.53 191.27187 -44.00641  1181.92  9510.31 2.98 2.66 -73.2 -0.490 19.16 20.75 01a58631o0070o
58633.279385 -23.332  5.818    -2   10 c  0   2.98 191.27187 -44.00641  3340.96  7668.49 2.79 2.34  38.4 -0.371 19.36 21.02 02a58633o0109c
58633.282610  19.812  0.307    43   13 c  0   1.62 191.27187 -44.00641  3321.65  7629.24 2.79 2.32  39.5 -0.367 19.40 21.03 02a58633o0116c
58633.288207  21.053  0.933    14   13 c  0   1.52 191.27187 -44.00641  3381.61  7708.01 2.77 2.33  38.1 -0.368 19.42 21.05 02a58633o0128c
58633.298393  22.705  5.053     3   15 c  0   1.16 191.27187 -44.00641  3402.36  7594.50 2.86 2.33  39.8 -0.364 19.40 21.07 02a58633o0150c
58635.281755 -17.514  0.041  -358   15 o  0   1.67 191.27187 -44.00641  9151.64  2758.95 3.76 2.88  -8.7 -0.386 19.09 20.64 01a58635o0112o
58635.284540 -17.557  0.038  -344   13 o  0   2.35 191.27187 -44.00641  9171.31  2798.11 3.68 2.87  -7.4 -0.390 19.10 20.66 01a58635o0118o
58635.289643 -17.451  0.042  -380   16 o  0   1.30 191.27187 -44.00641  9109.96  2719.56 3.53 2.77  -6.2 -0.404 19.17 20.67 01a58635o0129o
58635.300865 -17.486  0.041  -368   15 o  0   1.81 191.27187 -44.00641  9092.38  2835.02 3.36 2.82  -9.5 -0.412 19.18 20.70 01a58635o0153o
58637.241747 -17.669  0.386  -311  120 c  0   1.29 191.27187 -44.00641  2639.53  4818.74 2.67 2.36  29.3 -0.470 16.73 17.45 02a58637o0021c
58637.244491 -20.347  2.526   -26   67 c  0   1.08 191.27187 -44.00641  2659.60  4856.51 2.68 2.40  29.5 -0.405 17.36 18.16 02a58637o0027c
58637.265766 -20.182  0.413   -31   13 c  0   1.45 191.27187 -44.00641  7941.54  5765.97 3.05 2.50  43.0 -0.378 19.40 21.08 02a58637o0072c
58637.275399  20.789  0.667    18   12 c  0   1.69 191.27187 -44.00641  7958.43  5641.15 2.87 2.41  43.5 -0.385 19.45 21.19 02a58637o0092c
58641.243366  18.669  1.078   124  133 c  0   0.96 191.27187 -44.00641  2642.54  4819.33 3.10 2.44  32.8 -0.415 16.84 17.63 02a58641o0023c
58641.255500  22.256  4.192     4   19 c  0   1.72 191.27187 -44.00641  7884.18  5679.19 3.11 2.41  38.2 -0.363 18.94 20.13 02a58641o0049c
58641.258339 -21.169  1.254   -12   16 c  0   1.39 191.27187 -44.00641  7942.57  5758.82 2.94 2.52  39.1 -0.369 19.13 20.42 02a58641o0055c
58641.264485 -20.903  0.847   -16   13 c  0   1.68 191.27187 -44.00641  2571.16  4901.70 2.63 2.26  31.3 -0.388 19.28 20.66 02a58641o0068c
58643.241922 -17.801  0.397  -275  109 o  0   1.16 191.27187 -44.00641  2642.83  3829.86 4.44 3.83 -24.2 -0.323 17.01 17.78 01a58643o0022o
58643.244433 -17.518  0.384  -357  137 o  0   1.07 191.27187 -44.00641  7961.72  6759.83 4.16 3.61   1.8 -0.363 17.52 18.47 01a58643o0027o
58643.250907 -17.308  0.284  -433  123 o  0   0.91 191.27187 -44.00641  7904.02  6681.97 3.72 3.42 -22.8 -0.371 17.47 18.54 01a58643o0041o
58643.267468 -17.429  0.055  -388   21 o  0   1.40 191.27187 -44.00641  7886.93  6795.92 3.23 2.88  -0.8 -0.420 18.94 20.22 01a58643o0076o
58645.255530 -17.707  0.088  -300   26 o  0   1.15 191.27187 -44.00641  9857.58  5568.97 2.37 2.07  39.8 -0.456 18.65 19.09 02a58645o0050o
58645.255987  19.415 17.868    62 1112 o  0   0.00 191.27187 -44.00641    37.42  5571.84 2.14 2.06  20.3 -0.368 18.64 19.10 02a58645o0051o
58645.258823 -17.511  0.075  -360   27 o  0   1.05 191.27187 -44.00641  9838.29  5531.95 2.24 2.16  73.5 -0.461 18.78 19.28 02a58645o0057o
58645.265816 -17.402  0.061  -397   24 o  0   1.04 191.27187 -44.00641  9897.26  5606.00 2.44 2.10  41.0 -0.441 18.80 19.42 02a58645o0072o
58645.267188 -17.704  0.077  -301   23 o  0   2.41 191.27187 -44.00641    58.08  5455.33 2.17 2.14  31.0 -0.328 18.79 19.40 02a58645o0075o
58645.275974 -17.682  0.063  -307   19 o  0   1.58 191.27187 -44.00641  9917.36  5495.79 2.30 2.08  38.6 -0.460 18.87 19.47 02a58645o0094o
58647.272997 -17.547  0.178  -348   62 o  0   1.42 191.27187 -44.00641  7940.51  6719.34 3.38 3.05  -5.2 -0.419 18.13 19.05 01a58647o0093o
58647.276241 -17.404  0.142  -396   56 o  0   1.20 191.27187 -44.00641  7961.03  6758.32 3.22 2.91  -3.1 -0.424 18.19 19.03 01a58647o0100o
58647.281336 -17.282  0.163  -444   72 o  0   1.03 191.27187 -44.00641  7901.42  6679.63 3.21 3.18 -15.5 -0.404 18.10 19.00 01a58647o0111o
58647.315656 -17.698  0.214  -302   65 o  0   1.58 191.27187 -44.00641  7884.21  6795.17 3.30 3.01  -3.0 -0.406 18.01 18.89 01a58647o0124o
58649.276663 -17.556  0.087  -345   30 o  0   1.86 191.27187 -44.00641  9863.12  5574.32 2.51 1.98  39.4 -0.424 18.32 18.66 02a58649o0095o
58649.280039 -17.443  0.076  -382   29 o  0   1.96 191.27187 -44.00641  9843.96  5536.50 2.51 2.04  41.8 -0.417 18.30 18.65 02a58649o0102o
58649.280954  21.251  5.408    12   62 o  0   0.48 191.27187 -44.00641    44.24  5573.00 2.25 1.87  36.5 -0.313 18.35 18.66 02a58649o0104o
58649.285139 -17.402  0.078  -397   31 o  0   1.93 191.27187 -44.00641  9902.98  5612.40 2.38 2.14  49.2 -0.437 18.31 18.63 02a58649o0113o
58649.290807 -17.943  0.145  -242   35 o  0   1.86 191.27187 -44.00641    64.59  5454.56 2.11 1.97 -73.7 -0.355 18.33 18.63 02a58649o0125o
58649.295932 -17.726  0.130  -295   38 o  0   1.20 191.27187 -44.00641  9923.10  5495.84 2.50 2.13  45.2 -0.420 18.26 18.62 02a58649o0136o
58651.273175 -17.616  0.356  -326  116 o  0   1.25 191.27187 -44.00641  2124.43  6647.52 3.20 2.89 -22.6 -0.444 17.79 18.53 01a58651o0071o
58651.276489 -17.335  0.253  -422  107 o  0   1.33 191.27187 -44.00641  2143.81  6684.32 3.24 2.86 -22.6 -0.443 17.77 18.52 01a58651o0078o
58655.270131 -17.388  0.056  -402   23 o  0   1.25 191.27187 -44.00641  2118.40  6648.94 3.27 2.99 -27.9 -0.417 18.63 20.05 01a58655o0083o
58655.273403 -17.495  0.052  -365   19 o  0   1.47 191.27187 -44.00641  2138.11  6686.64 3.29 3.02 -23.7 -0.404 18.79 20.25 01a58655o0090o
58655.279423 -17.350  0.051  -417   21 o  0   2.03 191.27187 -44.00641  2079.97  6611.00 3.29 3.03 -28.5 -0.405 18.15 19.60 01a58655o0103o
58655.290545  19.790  0.683    44   30 o  0   2.96 191.27187 -44.00641  2063.30  6726.35 3.19 2.94 -27.3 -0.413 18.51 19.95 01a58655o0127o
58659.240512 -17.891  0.307  -253   78 o  0   1.47 191.27187 -44.00641  6954.31   903.03 3.64 2.96 -15.7 -0.411 17.25 17.83 01a58659o0018o
58659.240973 -17.768  0.269  -284   76 o  0   1.18 191.27187 -44.00641  6954.70   902.72 3.66 2.92 -11.8 -0.415 17.38 17.93 01a58659o0019o
58659.246958 -17.323  0.093  -427   40 o  0   1.08 191.27187 -44.00641  6915.79   863.52 4.51 3.56 -13.4 -0.355 18.24 19.22 01a58659o0032o
58659.257558 -17.590  0.062  -334   21 o  0   1.47 191.27187 -44.00641  6898.72   980.85 4.36 3.44  -9.7 -0.375 18.86 20.29 01a58659o0055o
58661.260878 -18.807  0.260  -109   28 c  0   1.09 191.27187 -44.00641 10405.53  3805.44 3.47 2.88  34.2 -0.368 18.94 20.61 02a58661o0002c
58661.261335  17.607  0.073   329   24 c  0   2.86 191.27187 -44.00641 10405.51  3805.64 3.33 2.77  33.4 -0.372 18.80 20.51 02a58661o0003c
58661.267758  17.946  0.073   241   18 c  0   3.99 191.27187 -44.00641 10439.56  3843.20 2.98 2.75  33.1 -0.398 19.07 20.86 02a58661o0017c
58661.278276  19.596  0.635    53   33 c  0   0.86 191.27187 -44.00641 10459.24  3731.45 3.05 2.83  48.4 -0.367 18.60 20.44 02a58661o0040c
58837.646695 -17.547  0.834  -348  290 o  0   0.04 191.27187 -44.00641  2650.85  4826.56 2.20 2.01 -61.1 -0.439 17.66 18.82 02a58837o0986o
58837.649983 -17.618  0.074  -326   24 o  0   1.32 191.27187 -44.00641  2669.38  4862.83 2.33 2.18 -74.0 -0.432 17.96 19.13 02a58837o0993o
58837.655820 -17.492  0.058  -366   21 o  0   1.23 191.27187 -44.00641  2607.32  4785.42 2.94 2.70 -57.0 -0.402 18.64 19.86 02a58837o1005o
58837.659973 -17.409  0.051  -395   20 o  0   1.72 191.27187 -44.00641  2589.03  4901.89 2.50 2.28 -57.5 -0.426 18.61 19.58 02a58837o1014o
58837.669643 -17.445  0.268  -382  102 o  0   1.05 191.27187 -44.00641  2628.00  4839.97 2.22 2.20  40.7 -0.455 16.84 17.23 02a58837o1035o
58839.632455 -15.499  0.255 -2292  585 o  0   0.82 191.27187 -44.00641  1398.28  7748.01 4.03 3.79 -69.1 -0.291 15.52 16.91 01a58839o0928o
58839.642272 -14.534  0.433 -5576 2417 o  0   0.82 191.27187 -44.00641  1440.06  7789.60 3.43 3.27 -72.3 -0.354 13.74 14.98 01a58839o0948o
58839.652944 -17.525  0.129  -355   46 o  0   1.33 191.27187 -44.00641  1462.69  7674.95 2.88 2.58 -85.9 -0.353 17.25 18.35 01a58839o0970o
58839.668215 -15.152  0.518 -3157 1634 o  0   1.05 191.27187 -44.00641  1427.71  7737.13 3.48 3.16 -87.1 -0.361 14.46 14.63 01a58839o1003o
58841.639149 -20.255  0.381   -29   11 c  0   1.81 191.27187 -44.00641  2644.23  4828.09 2.75 2.35  31.5 -0.383 19.37 21.13 02a58841o0923c
58841.641930 -20.646  0.567   -20   11 c  0   1.77 191.27187 -44.00641  2663.95  4865.20 2.68 2.42  27.5 -0.382 19.36 21.14 02a58841o0929c
58841.661852  20.231  0.632    29   18 c  0   1.15 191.27187 -44.00641  2602.24  4785.01 2.80 2.30  32.1 -0.379 19.03 20.33 02a58841o0969c
58841.667730 -23.216 18.615    -2   35 c  0   0.95 191.27187 -44.00641  2584.25  4898.37 2.68 2.29  31.2 -0.379 18.10 19.01 02a58841o0981c
58851.612616 -17.606  0.040  -329   13 o  0   1.64 191.27187 -44.00641  8492.30  3974.81 3.38 2.63 -89.6 -0.376 19.22 21.04 01a58851o0761o
58851.615878 -17.569  0.027  -341    9 o  0   2.15 191.27187 -44.00641  8474.49  3938.59 3.24 2.31 -89.4 -0.398 19.29 21.05 01a58851o0768o
58851.621872 -17.489  0.032  -367   12 o  0   1.67 191.27187 -44.00641  8532.46  4011.75 3.65 2.48  89.1 -0.383 19.25 21.08 01a58851o0780o
58851.632688 -17.386  0.023  -403    9 o  0   1.97 191.27187 -44.00641  8553.08  3895.60 3.09 2.45  87.3 -0.397 19.35 21.09 01a58851o0801o
58855.589658 -17.546  0.064  -348   22 o  0   0.95 191.27187 -44.00641  8491.62  3978.09 4.09 3.41 -87.3 -0.333 18.70 20.32 01a58855o0550o
58855.595255 -17.793  0.055  -277   15 o  0   1.40 191.27187 -44.00641  8472.00  3939.10 3.51 2.91 -88.9 -0.346 18.98 20.64 01a58855o0561o
58855.604486 -17.432  0.034  -387   13 o  0   1.93 191.27187 -44.00641  8530.26  4015.67 3.64 2.85 -88.9 -0.338 19.00 20.74 01a58855o0580o
58855.607272 -17.463  0.041  -376   15 o  0   1.33 191.27187 -44.00641  8549.93  3899.53 4.03 3.28 -87.9 -0.320 18.88 20.72 01a58855o0586o
58867.542185 -17.404  0.052  -397   21 o  0   1.07 191.27187 -44.00641  1991.06  5536.24 3.29 2.62  83.3 -0.358 18.87 20.08 01a58867o0715o
58867.550460 -17.657  0.055  -314   17 o  0   1.57 191.27187 -44.00641  1973.14  5498.71 3.26 2.42  85.8 -0.351 18.97 20.08 01a58867o0732o
58867.554647 -17.501  0.046  -363   17 o  0   1.82 191.27187 -44.00641  2031.09  5578.83 2.92 2.21  85.0 -0.373 19.07 20.09 01a58867o0741o
58867.570733 -17.490  0.049  -367   18 o  0   1.23 191.27187 -44.00641  2051.65  5464.12 3.33 2.55  84.6 -0.358 18.96 20.13 01a58867o0774o
58871.538479 -17.380  0.041  -406   16 o  0   1.27 191.27187 -44.00641  1990.01  5536.01 3.64 3.28  73.4 -0.359 18.95 20.59 01a58871o0661o
58871.541790 -17.569  0.063  -341   21 o  0   1.25 191.27187 -44.00641  1970.13  5497.94 3.81 3.41  74.6 -0.401 18.86 20.58 01a58871o0668o
58871.548023 -17.351  0.048  -417   20 o  0   1.28 191.27187 -44.00641  2028.99  5578.26 3.85 3.48  59.4 -0.394 18.86 20.61 01a58871o0681o
58871.562759 -17.426  0.043  -388   17 o  0   1.53 191.27187 -44.00641  2049.43  5465.26 3.61 3.17  76.0 -0.384 18.96 20.65 01a58871o0711o
58871.673737 -17.302  0.311  -436  136 o  0   0.75 191.27187 -44.00641  8587.81  5010.78 3.69 2.92 -86.5 -0.439 16.87 17.28 01a58871o0937o
58875.559025 -17.592  0.038  -334   13 o  0   1.53 191.27187 -44.00641  7587.52  9428.83 3.07 2.42 -81.2 -0.366 19.19 20.92 01a58875o0689o
58875.563204 -17.497  0.037  -364   13 o  0   1.33 191.27187 -44.00641  7566.22  9388.41 3.24 2.48 -80.5 -0.354 19.15 20.93 01a58875o0697o
58875.569644 -17.491  0.030  -366   11 o  0   1.65 191.27187 -44.00641  7629.61  9467.61 2.91 2.44 -85.1 -0.361 19.18 20.91 01a58875o0711o
58875.584603 -17.487  0.032  -367   12 o  0   1.38 191.27187 -44.00641  7650.88  9349.84 2.92 2.39 -84.7 -0.359 19.24 20.94 01a58875o0742o
58883.520470 -17.480  0.061  -370   22 o  0   1.16 191.27187 -44.00641  5983.68  5857.84 3.42 2.88 -84.4 -0.355 18.61 19.83 01a58883o0657o
58883.530800 -17.513  0.052  -359   19 o  0   1.18 191.27187 -44.00641  5964.06  5818.99 3.54 2.83 -87.1 -0.333 18.73 20.13 01a58883o0678o
58883.534507 -17.441  0.041  -384   16 o  0   1.26 191.27187 -44.00641  6023.51  5897.65 3.53 2.89 -86.3 -0.339 18.80 20.25 01a58883o0686o
58883.540483  17.309  0.065   433   28 o  0   9.40 191.27187 -44.00641  6042.01  5780.63 3.61 2.86 -85.5 -0.328 18.91 20.43 01a58883o0698o
58887.504316 -17.480  0.130  -370   48 o  0   1.04 191.27187 -44.00641  5982.59  5858.60 4.07 3.33  82.6 -0.321 17.79 18.64 01a58887o0627o
58887.509825 -17.627  0.117  -323   38 o  0   1.27 191.27187 -44.00641  5964.48  5819.55 3.53 2.96  85.9 -0.335 17.92 18.67 01a58887o0638o
58887.513981 -17.406  0.092  -396   36 o  0   1.06 191.27187 -44.00641  6022.07  5897.36 3.22 2.56  88.1 -0.343 18.04 18.69 01a58887o0647o
58887.523780 -17.710  0.121  -299   36 o  0   1.39 191.27187 -44.00641  6041.64  5782.24 3.56 2.82  88.2 -0.337 17.96 18.73 01a58887o0668o
58891.506157 -17.307  0.103  -434   45 o  0   0.93 191.27187 -44.00641  5646.28  1503.96 2.78 2.35  81.0 -0.381 18.03 18.46 01a58891o0283o
58891.511686 -17.353  0.087  -416   36 o  0   1.60 191.27187 -44.00641  5627.87  1466.23 2.78 2.41  79.5 -0.398 18.08 18.47 01a58891o0294o
58891.514908 -17.362  0.091  -412   38 o  0   1.08 191.27187 -44.00641  5684.86  1544.64 2.86 2.40  82.5 -0.362 18.08 18.47 01a58891o0301o
58895.476761 -18.288  0.157  -176   28 o  0   1.45 191.27187 -44.00641  5647.32  1502.15 3.36 2.76 -86.6 -0.346 18.41 20.59 01a58895o0224o
58895.484201 -18.366  0.129  -164   21 o  0   1.73 191.27187 -44.00641  5626.96  1463.37 3.78 3.07  87.2 -0.318 18.48 20.73 01a58895o0239o
58895.497849 -18.302  0.089  -173   15 o  0   1.80 191.27187 -44.00641  5682.68  1541.98 3.32 3.05 -88.3 -0.360 18.93 20.44 01a58895o0267o
58895.501097 -18.367  0.104  -163   17 o  0   1.79 191.27187 -44.00641  5701.90  1426.54 3.29 2.96 -85.0 -0.364 18.94 20.41 01a58895o0274o
58903.469686 -19.435  0.255   -61   16 o  0   2.68 191.27187 -44.00641  7518.28  1370.92 3.33 3.05 -87.5 -0.339 18.97 20.56 01a58903o0552o
58903.472489 -17.990  0.090  -231   21 o  0   1.40 191.27187 -44.00641  7500.31  1334.57 4.24 3.96 -82.1 -0.290 18.74 20.55 01a58903o0558o
58903.488136 -18.818  0.143  -108   15 o  0   1.88 191.27187 -44.00641  7554.98  1409.63 3.35 3.04 -87.7 -0.342 18.98 20.60 01a58903o0591o
58903.494603 -19.444  0.272   -61   16 o  0   1.65 191.27187 -44.00641  7573.46  1295.01 3.57 2.85  83.3 -0.353 18.98 20.60 01a58903o0605o
58913.447662 -19.103  0.241   -83   20 o  0   1.68 191.27187 -44.00641  6535.88  4604.63 2.19 1.95  38.6 -0.427 18.80 19.39 02a58913o0423o
58913.451389 -18.809  0.209  -109   23 o  0   1.03 191.27187 -44.00641  6554.62  4644.15 2.31 2.13  42.9 -0.407 18.71 19.40 02a58913o0431o
58915.435700  17.303  3.294   435 1434 o  0   1.27 191.27187 -44.00641  4567.24  3736.41 2.90 2.70   5.4 -0.376 14.17 14.06 01a58915o0462o
58919.429738 -19.665  0.824   -49   41 o  0   0.96 191.27187 -44.00641  4565.85  3732.63 2.75 2.16   0.4 -0.370 18.13 18.28 01a58919o0451o
58919.433891 -19.662  0.707   -50   35 o  0   1.45 191.27187 -44.00641  4546.69  3694.37 2.81 2.24   0.3 -0.364 18.15 18.30 01a58919o0459o
58919.439431 -18.493  0.288  -146   42 o  0   1.07 191.27187 -44.00641  4604.76  3772.37 2.84 2.28   1.3 -0.360 18.11 18.33 01a58919o0470o
58919.455325 -18.973  0.427   -94   40 o  0   1.06 191.27187 -44.00641  4627.02  3657.44 2.68 2.24   0.1 -0.377 18.19 18.38 01a58919o0503o
58927.405978 -18.650  0.096  -126   12 o  0   2.11 191.27187 -44.00641  3403.07  7723.09 2.77 2.24  -9.1 -0.348 19.15 20.63 01a58927o0002o
58927.408747 -19.554  0.264   -55   14 o  0   2.06 191.27187 -44.00641  3345.35  7644.78 2.55 2.31 -12.0 -0.357 19.14 20.59 01a58927o0007o
58927.409668 -18.435  0.084  -153   13 o  0   1.68 191.27187 -44.00641  3406.56  7723.48 2.89 2.38  -7.5 -0.320 19.10 20.58 01a58927o0009o
58927.412443 -18.656  0.104  -125   13 o  0   1.67 191.27187 -44.00641  3427.36  7607.71 2.50 2.21   5.0 -0.362 19.27 20.61 01a58927o0014o
58939.342735  22.798 241.000     3  665 o  0   1.00 191.27187 -44.00641   180.15  5832.55 2.67 2.53  57.2 -0.380 15.49 16.27 01a58939o0182o
58941.424020 -19.401  0.335   -63   21 o  0   1.41 191.27187 -44.00641  1328.30  7725.04 2.08 1.91 -39.4 -0.452 19.06 19.75 02a58941o0415o
58941.427228 -18.935  0.220   -97   21 o  0   1.43 191.27187 -44.00641  1308.65  7687.48 2.07 1.94 -36.8 -0.445 19.01 19.74 02a58941o0422o
58941.433324 -19.481  0.287   -59   17 o  0   1.63 191.27187 -44.00641  1368.03  7765.02 2.05 1.92 -34.0 -0.454 19.05 19.78 02a58941o0435o
58941.443876 -20.371  0.734   -26   19 o  0   1.59 191.27187 -44.00641  1391.20  7654.13 2.01 1.96 -23.6 -0.441 19.04 19.78 02a58941o0458o
58941.498425 -19.357  0.294   -66   19 o  0   2.29 191.27187 -44.00641  1359.50  7711.19 2.28 1.81 -57.8 -0.483 19.07 19.93 02a58941o0574o
58943.467939 -18.559  0.524  -137   72 o  0   1.24 191.27187 -44.00641 10520.39  4917.08 2.83 2.60  12.8 -0.367 17.83 18.40 01a58943o0034o
58943.481008 -16.738  1.652  -733 1210 o  0   0.13 191.27187 -44.00641 10502.16  5032.90 3.13 2.90   9.5 -0.397 15.72 16.07 01a58943o0061o
58943.487493  17.035  2.667   557 1486 o  0   1.12 191.27187 -44.00641   706.27  5028.09 2.45 2.41 -47.8 -0.402 13.90 13.89 01a58943o0074o
58943.492147 -17.547  1.474  -348  513 o  0   1.36 191.27187 -44.00641   724.99  5064.63 2.61 2.29  87.2 -0.402 15.67 15.88 01a58943o0084o
58943.498793  17.646  1.697   318  539 o  0   1.41 191.27187 -44.00641   664.31  4989.61 2.48 2.27  89.7 -0.413 14.54 14.70 01a58943o0098o
58943.509736 -18.738  1.247  -116  145 o  0   0.69 191.27187 -44.00641   645.28  5104.85 2.50 2.32 -84.8 -0.425 17.06 17.41 01a58943o0120o
58945.469119 -18.467  0.341  -149   51 o  0   1.12 191.27187 -44.00641  1334.25  7728.18 2.28 2.14  44.6 -0.425 17.85 17.83 02a58945o0004o
58945.472081 -18.575  0.423  -135   57 o  0   1.13 191.27187 -44.00641  1317.37  7692.40 2.58 2.08  39.0 -0.397 17.75 17.79 02a58945o0010o
58945.477359 -18.833  0.535  -106   57 o  0   2.10 191.27187 -44.00641  1375.39  7769.61 2.42 2.06  44.9 -0.423 17.71 17.76 02a58945o0021o
58945.487582 -19.859  1.563   -41   65 o  0   1.21 191.27187 -44.00641  1395.34  7658.74 2.30 2.06  41.1 -0.430 17.73 17.72 02a58945o0043o
58955.297861 -19.405  0.414   -63   26 o  0   1.36 191.27187 -44.00641   730.25  3835.77 3.50 3.31  71.3 -0.364 18.76 20.06 01a58955o0160o
58955.308684 -19.730  0.490   -47   23 o  0   1.27 191.27187 -44.00641   711.52  3797.34 3.21 2.97 -87.2 -0.381 18.78 20.13 01a58955o0182o
58955.320957 -18.702  0.149  -120   18 o  0   1.32 191.27187 -44.00641   770.20  3879.52 2.72 2.67  58.7 -0.358 18.98 20.27 01a58955o0207o
58955.321418 -18.068  0.092  -215   20 o  0   1.83 191.27187 -44.00641 10397.23  3794.52 2.81 2.73 -52.9 -0.348 18.90 20.18 01a58955o0208o
58955.330230 -19.266  0.218   -71   16 o  0   1.67 191.27187 -44.00641   790.48  3765.58 2.64 2.56  28.7 -0.342 19.06 20.38 01a58955o0225o
58955.339079 -17.737  0.046  -292   13 o  0   3.11 191.27187 -44.00641 10380.41  3755.24 2.78 2.56 -85.3 -0.349 19.07 20.29 01a58955o0243o
58955.346166 -17.824  0.065  -270   18 o  0   2.11 191.27187 -44.00641 10440.74  3829.87 2.76 2.62 -78.9 -0.337 19.07 20.34 01a58955o0257o
58955.355590 -17.815  0.059  -272   16 o  0   3.08 191.27187 -44.00641 10460.23  3710.30 2.92 2.81 -56.5 -0.327 19.05 20.40 01a58955o0276o
58959.290724 -18.876  0.157  -102   16 o  0   1.41 191.27187 -44.00641   732.67  3830.58 2.41 2.05  -7.9 -0.359 19.00 20.07 01a58959o0145o
58959.296453 -19.036  0.197   -88   17 o  0   1.40 191.27187 -44.00641   713.55  3791.71 2.40 2.08  -6.0 -0.362 19.04 20.11 01a58959o0156o
58959.313339 -18.710  0.146  -119   17 o  0   1.51 191.27187 -44.00641   773.71  3874.53 2.32 1.98  -6.2 -0.366 19.08 20.21 01a58959o0191o
58959.313800 -18.484  0.130  -147   19 o  0   1.82 191.27187 -44.00641 10400.73  3788.95 2.52 2.07  -4.0 -0.392 19.02 20.14 01a58959o0192o
58959.316137 -18.871  0.130  -103   13 o  0   1.98 191.27187 -44.00641   794.72  3761.03 2.34 2.03  -7.8 -0.381 19.13 20.22 01a58959o0197o
58959.316599 -18.469  0.143  -149   21 o  0   1.39 191.27187 -44.00641 10382.94  3752.01 2.59 2.10  -4.3 -0.387 19.02 20.15 01a58959o0198o
58959.327915 -17.984  0.069  -232   16 o  0   2.98 191.27187 -44.00641 10441.62  3823.98 2.53 2.32 -11.7 -0.362 19.06 20.15 01a58959o0221o
58959.338784 -18.074  0.070  -214   15 o  0   3.56 191.27187 -44.00641 10462.13  3704.99 2.53 2.23  -5.7 -0.374 19.10 20.17 01a58959o0243o
58971.368869 -18.837  0.182  -106   19 o  0   1.22 191.27187 -44.00641  4114.82  6950.12 2.15 1.99 -16.3 -0.396 18.97 19.59 01a58971o0295o
58971.372094 -18.889  0.164  -101   17 o  0   1.41 191.27187 -44.00641  4134.85  6988.09 2.33 2.09 -11.4 -0.375 18.95 19.56 01a58971o0302o
58971.379055 -19.473  0.305   -59   18 o  0   1.42 191.27187 -44.00641  4075.54  6911.40 2.34 2.17 -24.8 -0.391 18.91 19.58 01a58971o0317o
58971.390631 -18.897  0.158  -100   16 o  0   1.78 191.27187 -44.00641  4056.37  7027.42 2.24 1.99 -19.0 -0.402 18.96 19.57 01a58971o0342o
58973.300783 -18.829  0.261  -107   28 o  0   1.20 191.27187 -44.00641  8591.03  5037.92 2.57 2.05  30.8 -0.392 18.42 18.73 02a58973o0152o
58973.304997 -18.944  0.255   -96   24 o  0   2.18 191.27187 -44.00641  8613.08  5077.58 2.40 1.98  30.1 -0.400 18.45 18.74 02a58973o0160o
58973.311934 -19.113  0.375   -82   31 o  0   1.11 191.27187 -44.00641  8552.65  4999.72 2.78 2.11  27.7 -0.377 18.38 18.75 02a58973o0174o
58973.323148 -18.819  0.268  -108   29 o  0   1.44 191.27187 -44.00641  8535.49  5112.63 2.35 2.01  33.4 -0.407 18.54 18.78 02a58973o0197o
58975.375945 -18.360  0.215  -164   35 o  0   1.98 191.27187 -44.00641  4113.58  6948.85 2.52 2.29   4.9 -0.342 18.03 18.01 01a58975o0294o
58975.379170 -19.115  0.476   -82   39 o  0   1.11 191.27187 -44.00641  4133.96  6986.84 2.44 2.23  -1.6 -0.353 18.01 18.00 01a58975o0301o
58975.388441 -18.916  0.399   -99   39 o  0   1.11 191.27187 -44.00641  4075.77  6910.35 2.35 2.13   0.6 -0.369 18.07 18.01 01a58975o0321o
58975.421748 -19.126  0.594   -81   48 o  0   1.03 191.27187 -44.00641  4053.95  7025.20 2.50 2.25  -4.6 -0.360 17.91 17.84 01a58975o0392o
58979.355233 -19.172  0.280   -78   22 o  0   1.17 191.27187 -44.00641  8832.16  9381.92 1.92 1.78 -72.4 -0.388 18.95 19.30 01a58979o0259o
58979.360776 -19.198  0.306   -76   23 o  0   1.06 191.27187 -44.00641  8851.40  9421.35 1.96 1.87 -69.3 -0.396 18.91 19.27 01a58979o0271o
58979.368222 -18.799  0.212  -110   23 o  0   1.50 191.27187 -44.00641  8793.12  9342.14 2.07 2.02 -69.9 -0.376 18.79 19.22 01a58979o0287o
58979.372943 -19.081  0.254   -85   22 o  0   1.80 191.27187 -44.00641  8775.39  9458.44 2.28 2.24 -51.4 -0.374 18.69 19.18 01a58979o0297o
58981.335914  21.663  1.512     8   12 c  0   1.69 191.27187 -44.00641  7523.51  9416.30 2.95 2.58  39.5 -0.377 19.39 21.25 02a58981o0227c
58981.344728  21.830  2.029     7   14 c  0   1.40 191.27187 -44.00641  7503.67  9381.05 2.97 2.63  41.5 -0.379 19.38 21.23 02a58981o0246c
58981.355317 -21.203  0.867   -12   10 c  0   2.06 191.27187 -44.00641  7566.75  9461.17 2.93 2.69  46.1 -0.376 19.36 21.26 02a58981o0269c
58981.361356 -20.342  0.427   -26   11 c  0   1.86 191.27187 -44.00641  7587.45  9343.50 2.98 2.67  47.2 -0.379 19.37 21.24 02a58981o0282c
58983.326959 -18.985  0.129   -92   12 o  0   1.99 191.27187 -44.00641  8834.22  9384.34 2.33 2.27  20.0 -0.363 19.33 20.60 01a58983o0195o
58983.330184 -18.676  0.115  -123   14 o  0   2.38 191.27187 -44.00641  8853.47  9423.64 2.49 2.38  12.8 -0.365 19.27 20.62 01a58983o0202o
58983.337110 -18.430  0.083  -154   13 o  0   2.13 191.27187 -44.00641  8795.77  9343.39 2.21 2.15  23.7 -0.369 19.32 20.61 01a58983o0217o
58983.347794 -18.836  0.142  -106   15 o  0   2.14 191.27187 -44.00641  8778.72  9459.59 2.24 2.19  47.6 -0.386 19.36 20.54 01a58983o0240o
59007.281767 -20.753 18.059   -18  328 o  0   0.89 191.27187 -44.00641  6538.06  4606.71 2.88 2.25  -0.8 -0.314 15.80 15.86 01a59007o0103o
59007.284554  19.796  8.378    44  367 o  0   1.12 191.27187 -44.00641  6556.98  4644.89 2.89 2.20   1.4 -0.297 15.65 15.58 01a59007o0109o
59007.290558 -20.796  5.000   -17   87 o  0   1.69 191.27187 -44.00641  6496.90  4567.45 2.72 2.11  -1.2 -0.314 16.92 17.05 01a59007o0122o
59007.302636 -16.730  1.572  -738 1159 o  0   1.02 191.27187 -44.00641  6477.22  4682.25 2.88 2.21  -2.8 -0.293 14.58 14.33 01a59007o0148o
59011.286242 -18.705  0.091  -120   11 o  0   2.03 191.27187 -44.00641  6848.74  8958.88 2.27 1.98   4.7 -0.351 19.30 20.43 01a59011o0105o
59011.293621 -18.331  0.067  -169   11 o  0   3.12 191.27187 -44.00641  6867.10  8997.37 2.44 2.14   5.4 -0.341 19.25 20.44 01a59011o0121o
59011.296853 -18.976  0.131   -93   12 o  0   1.76 191.27187 -44.00641  6809.39  8918.88 2.22 2.01   4.9 -0.357 19.33 20.44 01a59011o0128o
59011.309783 -19.149  0.151   -80   12 o  0   2.14 191.27187 -44.00641  6790.93  9035.42 2.40 2.09   7.4 -0.340 19.26 20.49 01a59011o0156o
59015.261175 -18.973  0.139   -94   13 o  0   1.82 191.27187 -44.00641  6847.61  8959.49 2.35 2.02   4.3 -0.338 19.31 20.40 01a59015o0051o
59015.264876 -19.092  0.161   -84   14 o  0   1.77 191.27187 -44.00641  6866.65  8997.96 2.09 1.87   4.4 -0.366 19.41 20.47 01a59015o0059o
59015.270409 -18.669  0.079  -124   10 o  0   3.38 191.27187 -44.00641  6809.70  8919.26 2.18 1.90   4.9 -0.363 19.35 20.50 01a59015o0071o
59015.280545 -18.044  0.067  -220   15 o  0   1.63 191.27187 -44.00641  6790.79  9035.56 2.55 2.35  11.8 -0.358 19.24 20.49 01a59015o0093o
59017.252632 -19.603  0.678   -52   36 c  0   1.13 191.27187 -44.00641  5515.00  9524.59 3.06 2.47  37.8 -0.356 18.27 19.25 02a59017o0022c
59017.255846 -19.823  0.492   -43   21 c  0   1.65 191.27187 -44.00641  5495.23  9486.64 3.02 2.42  41.1 -0.354 18.77 19.90 02a59017o0029c
59017.263163 -20.327  0.534   -27   14 c  0   1.59 191.27187 -44.00641  5557.90  9566.48 2.91 2.48  42.7 -0.368 19.25 20.78 02a59017o0045c
59017.273270 -21.306  1.435   -11   16 c  0   1.43 191.27187 -44.00641  5579.25  9451.42 2.71 2.50  48.0 -0.384 19.34 20.94 02a59017o0067c
59021.252894  19.384  0.494    64   32 c  0   1.51 191.27187 -44.00641  4553.09  3718.68 2.83 2.36  45.1 -0.386 18.26 19.20 02a59021o0022c
59021.256099 -19.448  0.352   -60   21 c  0   1.06 191.27187 -44.00641  4534.63  3679.82 2.80 2.32  44.8 -0.379 18.82 19.89 02a59021o0029c
59021.261605 -21.366  1.500   -10   16 c  0   1.24 191.27187 -44.00641  4591.58  3757.91 2.80 2.33  45.2 -0.383 19.29 20.74 02a59021o0041c
59021.272158 -20.555  0.473   -22   10 c  0   2.39 191.27187 -44.00641  4612.91  3643.62 2.80 2.42  48.4 -0.383 19.44 21.19 02a59021o0064c
59025.254280 -20.203  1.131   -30   34 c  0   1.71 191.27187 -44.00641  4563.25  3715.92 2.86 2.44  52.1 -0.379 18.12 19.05 02a59025o0004c
59027.250475 -21.726  4.103    -7   30 o  0   1.02 191.27187 -44.00641  1206.30  9380.01 2.04 1.79 -43.4 -0.430 18.47 18.66 01a59027o0024o
59027.253702 -19.808  0.566   -43   24 o  0   0.92 191.27187 -44.00641  1225.52  9418.50 2.12 1.92 -45.3 -0.411 18.80 19.30 01a59027o0031o
59027.261543 -19.115  0.183   -82   15 o  0   3.25 191.27187 -44.00641  1168.70  9342.60 2.07 1.88 -37.4 -0.409 19.14 19.99 01a59027o0048o
59027.274001 -19.349  0.196   -66   13 o  0   2.06 191.27187 -44.00641  1149.69  9460.09 2.02 1.79 -41.7 -0.428 19.22 20.09 01a59027o0075o
59031.255273 -19.310  0.368   -69   25 o  0   1.64 191.27187 -44.00641  1205.90  9376.20 2.31 2.13 -46.0 -0.384 18.50 18.77 01a59031o0034o
59031.258497 -18.991  0.310   -92   28 o  0   1.34 191.27187 -44.00641  1224.15  9414.74 2.30 2.06 -36.8 -0.375 18.53 18.86 01a59031o0041o
59031.263676 -18.502  0.182  -144   26 o  0   1.04 191.27187 -44.00641  1167.05  9337.86 2.12 1.93 -53.7 -0.411 18.63 18.88 01a59031o0052o
59031.276586 -20.045  0.774   -35   27 o  0   1.91 191.27187 -44.00641  1148.40  9454.74 1.96 1.77 -52.4 -0.433 18.68 18.84 01a59031o0080o
59197.635634 -20.655  0.713   -20   14 c  0   1.65 191.27187 -44.00641  4917.76  9052.72 2.71 2.56  58.9 -0.391 19.36 21.08 02a59197o0956c
59197.640723 -19.326  0.174   -68   12 c  0   2.34 191.27187 -44.00641  4935.54  9090.91 2.68 2.51  53.1 -0.387 19.40 21.08 02a59197o0967c
59197.657200 -20.358  0.717   -26   19 c  0   1.49 191.27187 -44.00641  4879.28  9012.60 2.59 2.47 -70.4 -0.401 19.21 20.58 02a59197o1003c
59197.663164 -19.448  0.593   -60   36 c  0   1.30 191.27187 -44.00641  4860.60  9128.49 2.60 2.41 -65.0 -0.409 18.55 19.57 02a59197o1016c
