###MJD          m      dm   uJy   duJy F err chi/N     RA       Dec        x        y     maj  min   phi  apfit mag5sig Sky   Obs
57447.571580  17.599  0.861   332  286 o  0   1.63 199.98060 -47.28486  7833.92  5648.10 4.06 2.21  89.1 -0.449 16.62 17.50 02a57447o0712o
57447.592369 -19.928  3.633   -39  141 o  0   1.21 199.98060 -47.28486  9000.29  5038.75 4.40 2.60 -81.3 -0.417 17.09 18.04 02a57447o0747o
57447.613032  19.237  1.561    73  114 o  0   1.11 199.98060 -47.28486  8848.85  4811.09 4.46 2.93 -77.5 -0.406 17.18 18.21 02a57447o0782o
57453.534124 -20.750  1.190   -18   22 c  0   1.06 199.98060 -47.28486  7967.73  6050.68 4.02 3.60  80.6 -0.434 19.18 21.02 02a57453o0627c
57453.554671  20.815  1.724    17   30 c  0   0.97 199.98060 -47.28486  7685.83  5455.47 4.33 3.25 -85.6 -0.403 18.74 20.61 02a57453o0662c
57453.576073  20.111  0.720    33   24 c  0   1.12 199.98060 -47.28486  8851.46  4849.78 4.04 3.59  76.3 -0.454 19.20 20.98 02a57453o0697c
57453.596482 -20.851  1.378   -17   23 c  0   1.15 199.98060 -47.28486  8844.99  4809.45 4.04 3.63  77.2 -0.446 19.18 20.96 02a57453o0732c
57457.523673  20.230  1.091    29   32 c  0   0.89 199.98060 -47.28486  8036.57  5971.36 4.51 3.01 -89.5 -0.409 18.51 20.46 02a57457o0622c
57457.545003  20.241  1.067    29   31 c  0   0.89 199.98060 -47.28486  7740.74  5397.80 4.48 3.04 -83.9 -0.430 18.67 20.65 02a57457o0658c
57457.566481  20.125  0.816    32   26 c  0   1.18 199.98060 -47.28486  8921.62  4787.20 4.46 3.21 -85.6 -0.437 18.77 20.70 02a57457o0695c
57457.588273 -21.307  2.929   -11   32 c  0   0.99 199.98060 -47.28486  8849.20  4808.05 4.70 3.73 -81.2 -0.403 18.73 20.67 02a57457o0732c
57461.512138  16.154  0.462  1255  580 c  0   1.02 199.98060 -47.28486  7964.95  6085.51 4.02 3.48  81.0 -0.454 16.41 18.25 02a57461o0598c
57461.533040  20.018  0.965    36   34 c  0   0.84 199.98060 -47.28486  7682.81  5514.08 3.89 3.57  76.3 -0.446 18.67 20.45 02a57461o0633c
57461.555236  23.755 42.000     1   48 c  0   1.32 199.98060 -47.28486  8851.08  4903.56 4.11 3.61  72.6 -0.450 18.17 19.92 02a57461o0670c
57461.578545 -17.133 11.429  -509 5818 c  0   1.16 199.98060 -47.28486  8843.48  4807.48 4.19 3.74  76.7 -0.467 14.57 16.41 02a57461o0708c
57465.493242  19.243  0.595    73   43 o  0   1.18 199.98060 -47.28486  8127.17  5831.63 3.91 3.22  82.3 -0.499 18.29 19.25 02a57465o0584o
57465.514164 -19.236  0.562   -73   41 o  0   1.21 199.98060 -47.28486  7845.12  5253.77 3.86 3.32  82.3 -0.508 18.32 19.32 02a57465o0619o
57465.535144  21.680  5.267     8   41 o  0   1.19 199.98060 -47.28486  9012.31  4645.18 4.22 3.58  72.8 -0.484 18.38 19.51 02a57465o0654o
57465.554780  20.091  1.151    33   38 o  0   1.27 199.98060 -47.28486  8833.17  4809.88 4.68 4.10  74.4 -0.460 18.43 19.86 02a57465o0689o
57477.466285 -20.846  2.231   -17   37 o  0   1.23 199.98060 -47.28486  8126.93  5805.05 3.84 3.07  85.3 -0.503 18.47 19.53 02a57477o0531o
57477.483227 -19.892  0.890   -40   36 o  0   1.05 199.98060 -47.28486  7845.29  5232.68 3.79 3.28  83.6 -0.504 18.43 19.48 02a57477o0566o
57477.501827  20.288  1.424    28   40 o  0   1.26 199.98060 -47.28486  9008.51  4619.32 4.01 3.33  77.9 -0.498 18.43 19.48 02a57477o0601o
57477.521204  20.496  1.826    23   42 o  0   1.09 199.98060 -47.28486  8827.24  4797.19 4.12 3.40  82.2 -0.501 18.38 19.47 02a57477o0636o
58117.638905  18.137  0.087   202   18 o  0   1.27 199.98060 -47.28486  5195.92  8750.20 2.63 2.26  44.0 -0.487 19.25 20.54 02a58117o0640o
58117.646714  18.066  0.092   216   20 o  0   1.01 199.98060 -47.28486  5208.35  8790.90 2.31 2.00  38.4 -0.509 19.37 20.57 02a58117o0657o
58117.654543  18.360  0.112   164   18 o  0   1.33 199.98060 -47.28486  5154.93  8714.01 2.51 2.10  41.4 -0.503 19.24 20.46 02a58117o0674o
58117.662377  18.743  0.197   116   23 o  0   1.02 199.98060 -47.28486  5139.97  8831.88 2.28 2.01  34.8 -0.518 19.07 20.05 02a58117o0691o
58123.628108  17.886  0.197   254   50 o  0   0.96 199.98060 -47.28486  5483.74    64.28 4.27 3.77  84.6 -0.406 18.09 19.34 01a58123o0632o
58123.639581  18.206  0.258   189   49 o  0   0.93 199.98060 -47.28486  5503.00    65.04 4.37 4.18  88.7 -0.376 18.07 19.40 01a58123o0657o
58127.612878  18.163  0.172   197   34 o  0   1.10 199.98060 -47.28486  6503.59  1569.26 5.41 4.77  87.6 -0.351 18.38 20.22 01a58127o0913o
58127.627537  18.521  0.207   142   29 o  0   0.93 199.98060 -47.28486  6449.99  1483.14 4.68 3.98 -88.0 -0.385 18.55 20.29 01a58127o0945o
58127.636265  18.346  0.154   167   26 o  0   1.15 199.98060 -47.28486  6502.13  1530.55 4.47 3.85  89.1 -0.379 18.62 20.31 01a58127o0964o
58127.641768  18.205  0.147   190   28 o  0   1.17 199.98060 -47.28486  6507.09  1393.96 4.91 4.77 -82.0 -0.355 18.44 20.29 01a58127o0976o
58129.615155  18.220  0.616   187  115 o  0   1.17 199.98060 -47.28486  2473.41  8736.70 3.16 2.63  47.7 -0.479 18.03 19.54 02a58129o0916o
58129.622971  19.197  0.739    76   56 o  0   0.94 199.98060 -47.28486  2498.51  8776.45 3.40 2.86  24.8 -0.434 18.18 19.78 02a58129o0933o
58129.632268  18.770  0.291   113   33 o  0   1.27 199.98060 -47.28486  2430.43  8701.05 2.99 2.51  47.3 -0.466 18.92 20.24 02a58129o0950o
58129.640100  18.243  0.124   183   23 o  0   0.97 199.98060 -47.28486  2414.01  8819.13 3.03 2.47  48.5 -0.473 19.10 20.32 02a58129o0967o
58131.617068  18.054  0.088   218   19 o  0   1.22 199.98060 -47.28486  8284.87   902.68 4.26 3.13  87.1 -0.426 19.04 20.94 01a58131o0738o
58131.618902  18.287  0.117   176   20 o  0   1.18 199.98060 -47.28486  8294.52   934.58 4.55 3.38  88.7 -0.411 18.95 20.93 01a58131o0742o
58131.626688  18.309  0.127   172   22 o  0   1.15 199.98060 -47.28486  8321.03   947.27 4.44 3.32  86.1 -0.421 18.99 20.94 01a58131o0759o
58131.639511  18.265  0.111   179   20 o  0   1.28 199.98060 -47.28486  8327.71   783.07 4.50 3.38  86.2 -0.411 18.96 20.96 01a58131o0787o
58135.650902  18.429  0.250   154   39 o  0   1.19 199.98060 -47.28486  6729.68  1176.19 6.01 5.35 -70.6 -0.305 18.38 20.38 01a58135o0977o
58135.658005 -20.612  9.062   -21  187 o  0   1.24 199.98060 -47.28486  4082.51  9179.51 4.71 4.27 -51.8 -0.390 17.51 19.89 01a58135o0992o
58135.667577  17.622  0.194   325   63 o  0   0.97 199.98060 -47.28486  6757.70  1151.88 4.30 4.07 -52.7 -0.407 17.86 18.92 01a58135o1012o
58135.673074  18.563  0.929   136  127 o  0   0.99 199.98060 -47.28486  6767.81  1011.51 3.95 3.72 -12.4 -0.413 16.84 17.42 01a58135o1023o
58147.595551  18.679  0.275   123   34 o  0   1.12 199.98060 -47.28486  5670.52  2503.33 4.04 3.20  82.0 -0.390 18.14 19.28 01a58147o0439o
58147.599670  18.292  0.192   175   34 o  0   1.09 199.98060 -47.28486  5703.71  2529.09 4.10 3.21  84.9 -0.388 18.19 19.31 01a58147o0448o
58147.601044  18.652  0.269   126   34 o  0   1.04 199.98060 -47.28486  5635.31  2447.00 3.86 2.92  84.9 -0.407 18.17 19.32 01a58147o0451o
58147.614893  19.404  0.533    63   34 o  0   1.01 199.98060 -47.28486  5699.53  2354.66 3.52 2.93  84.9 -0.423 18.34 19.43 01a58147o0479o
58151.608861  18.866  0.466   103   48 o  0   1.07 199.98060 -47.28486  5370.61  1600.14 3.19 3.05 -76.0 -0.453 18.04 18.86 01a58151o0773o
58151.620608  18.536  1.243   140  174 o  0   1.14 199.98060 -47.28486  5433.86  8770.95 3.94 3.63 -65.1 -0.407 17.70 18.77 01a58151o0797o
58151.632548  18.678  0.905   123  111 o  0   1.46 199.98060 -47.28486  5390.14  8721.48 3.91 3.62 -76.0 -0.413 18.03 18.92 01a58151o0822o
58151.636677  18.391  0.622   160   99 o  0   1.27 199.98060 -47.28486  5367.92  8855.02 3.97 3.62 -75.8 -0.409 18.08 18.96 01a58151o0830o
58153.633562  16.894  0.954   634  605 o  0   1.13 199.98060 -47.28486  4894.85   746.22 3.29 2.37  42.6 -0.383 13.89 16.36 02a58153o0930o
58159.583140  20.934  1.283    15   20 o  0   1.09 199.98060 -47.28486  6817.11  2857.81 4.05 3.38  88.9 -0.384 18.93 21.04 01a58159o0821o
58159.593942 -20.740  1.833   -18   34 o  0   1.17 199.98060 -47.28486  3999.86  7515.42 4.22 3.97 -53.5 -0.389 18.44 20.62 01a58159o0844o
58159.604553  19.381  0.511    64   33 o  0   1.09 199.98060 -47.28486  3944.30  7480.96 5.02 4.51 -87.9 -0.360 18.43 20.74 01a58159o0866o
58159.616502  20.886  1.486    16   24 o  0   1.14 199.98060 -47.28486  3942.83  7644.85 4.30 3.91 -81.8 -0.382 18.75 20.85 01a58159o0889o
58161.587348 -22.594  3.526    -3   12 c  0   1.09 199.98060 -47.28486  5269.86  1592.95 2.91 2.54  56.2 -0.429 19.60 21.53 02a58161o0824c
58161.599676  20.526  0.550    22   12 c  0   1.05 199.98060 -47.28486  5259.16  1552.59 3.01 2.65  60.1 -0.417 19.53 21.44 02a58161o0851c
58161.607430  20.948  0.852    15   13 c  0   1.33 199.98060 -47.28486  5312.54  1630.00 3.03 2.65  58.7 -0.416 19.53 21.43 02a58161o0868c
58161.619749  20.790  0.691    18   12 c  0   1.28 199.98060 -47.28486  5328.10  1511.26 3.01 2.65  60.0 -0.418 19.50 21.38 02a58161o0895c
58167.576696 -14.762  0.592 -4522 2679 o  0   0.99 199.98060 -47.28486  7113.71  1873.47 4.00 3.79  82.0 -0.427 14.23 16.40 01a58167o0581o
58167.588391 -17.972  6.750  -235 1587 o  0   1.09 199.98060 -47.28486  3692.70  8504.19 4.46 4.20 -45.5 -0.370 14.31 16.22 01a58167o0606o
58167.600304  17.515  1.208   358  433 o  0   1.02 199.98060 -47.28486  3635.98  8593.08 4.63 4.20 -85.5 -0.370 15.81 17.68 01a58167o0631o
58173.501997   0.000 21.174     0   12 o  0   0.00 199.98060 -47.28486  5289.15 10421.36 4.00 2.57  44.2 -0.449 16.57 18.15 02a58173o0246o
58173.522994  15.060  0.547  3436 1881 o  0   0.93 199.98060 -47.28486  5245.81 10383.68 2.84 2.37  41.7 -0.446 15.48 16.94 02a58173o0292o
58173.533941  16.086  1.359  1336 1816 o  0   1.09 199.98060 -47.28486  5230.48 10502.96 2.64 2.33  26.4 -0.429 14.80 16.21 02a58173o0316o
58183.492603  13.691  0.004 12122   42 o  0 2019.15 199.98060 -47.28486  8068.95  2136.04 4.67 3.37  87.2 -0.408 18.02 19.12 01a58183o0588o
58183.500842  21.944  6.526     6   40 o  0   1.22 199.98060 -47.28486  8030.67  2068.44 4.29 3.09  88.4 -0.435 18.14 19.14 01a58183o0606o
58183.507248  19.612  0.857    52   44 o  0   0.91 199.98060 -47.28486  8088.14  2120.72 4.34 3.10  87.2 -0.424 18.15 19.15 01a58183o0620o
58183.514135 -19.664  0.820   -50   41 o  0   1.01 199.98060 -47.28486  8093.71  1977.81 4.16 3.01  86.7 -0.438 18.19 19.17 01a58183o0635o
58185.469734  19.259  0.679    72   49 o  0   0.76 199.98060 -47.28486  1800.47  6067.77 2.05 1.85  49.6 -0.503 17.91 20.21 02a58185o0489o
58185.512797  19.208  0.892    75   67 o  0   0.61 199.98060 -47.28486  1819.44  6107.26 2.01 1.69  80.3 -0.514 17.91 19.60 02a58185o0508o
58185.514167  18.898  0.728   100   73 o  0   0.68 199.98060 -47.28486  1754.09  6031.31 2.13 1.77  83.7 -0.506 17.76 19.54 02a58185o0511o
58185.519083 -19.303  1.102   -69   76 o  0   1.13 199.98060 -47.28486  1739.60  6146.67 2.18 1.76  85.9 -0.506 17.78 19.49 02a58185o0520o
58187.482563 -15.669  2.112 -1961 4142 o  0   0.81 199.98060 -47.28486  6698.01   238.93 3.19 2.54  81.1 -0.489 14.24 15.52 01a58187o0564o
58193.477663  21.680  1.796     8   14 c  0   1.16 199.98060 -47.28486  2104.21  8194.51 2.65 2.34  49.7 -0.470 19.50 21.16 02a58193o0534c
58193.489090  21.620  1.623     8   13 c  0   1.17 199.98060 -47.28486  2127.59  8232.23 2.59 2.34  42.7 -0.465 19.55 21.23 02a58193o0559c
58193.494567  20.584  0.556    21   12 c  0   1.50 199.98060 -47.28486  2060.82  8156.56 2.64 2.35  42.5 -0.464 19.54 21.25 02a58193o0571c
58193.499132  21.462  1.383     9   13 c  0   1.01 199.98060 -47.28486  2045.32  8274.99 2.63 2.35  38.6 -0.460 19.53 21.26 02a58193o0581c
58197.472002  20.714  0.822    19   16 c  0   1.07 199.98060 -47.28486  4915.22  8160.88 2.67 2.48  45.4 -0.467 19.40 21.31 02a58197o0116c
58225.416303   0.000  0.000    -0    0 c  0  -0.00 199.98060 -47.28486  5927.45  2270.80 3.37 2.89  56.1 -0.480 15.51 18.98 02a58225o0418c
58225.429489 -19.157  1.917   -79  151 c  0   1.10 199.98060 -47.28486  5918.48  2228.36 3.50 3.01  58.4 -0.377 17.11 20.17 02a58225o0446c
58225.437702  19.157  0.718    79   57 c  0   1.20 199.98060 -47.28486  5972.25  2307.27 3.66 2.90  70.4 -0.367 17.82 20.74 02a58225o0464c
58229.413722 -18.455  0.549  -151   83 o  0   1.00 199.98060 -47.28486  4857.57   100.75 3.16 2.70  44.7 -0.422 17.48 18.63 02a58229o0321o
58229.418742  21.186  9.214    12  112 o  0   0.74 199.98060 -47.28486  4872.04   137.25 3.14 2.72  47.2 -0.449 17.61 18.73 02a58229o0332o
58229.425601 -18.290  3.500  -175  614 o  0   1.35 199.98060 -47.28486  4913.65   178.48 2.62 2.29  52.6 -0.457 15.86 17.05 02a58229o0347o
58229.436569  17.806  1.133   274  310 o  0   0.81 199.98060 -47.28486  4942.06    59.75 2.72 2.39  47.9 -0.427 16.13 17.43 02a58229o0371o
58233.406823 -20.169  1.106   -31   34 o  0   0.98 199.98060 -47.28486  7919.65   374.77 2.39 2.20  56.1 -0.462 18.69 19.28 02a58233o0376o
58233.414585  20.018  0.944    36   34 o  0   0.72 199.98060 -47.28486  7908.06   338.58 2.46 2.17  55.7 -0.473 18.64 19.26 02a58233o0393o
58233.420973 -19.928  0.762   -39   30 o  0   1.05 199.98060 -47.28486  7961.70   415.47 2.45 2.24  62.5 -0.454 18.67 19.28 02a58233o0407o
58233.428656  20.325  1.186    27   32 o  0   0.85 199.98060 -47.28486  7974.05   292.12 2.41 2.14  52.0 -0.469 18.68 19.27 02a58233o0423o
58245.383954 -19.843  0.642   -42   27 o  0   0.82 199.98060 -47.28486  8157.76   744.95 2.19 2.04  74.8 -0.464 19.00 20.02 02a58245o0343o
58245.384866 -20.931  1.791   -15   28 o  0   0.90 199.98060 -47.28486  8132.00   705.76 2.27 2.07  50.9 -0.466 19.00 20.02 02a58245o0345o
58245.394449 -20.696  1.271   -19   24 o  0   1.22 199.98060 -47.28486  8185.79   781.81 2.33 2.17  73.8 -0.460 18.93 19.94 02a58245o0366o
58245.406330 -20.683  1.573   -19   30 o  0   1.02 199.98060 -47.28486  8215.48   662.62 2.33 2.16  62.2 -0.453 18.76 19.79 02a58245o0392o
58247.373723 -21.305  3.759   -11   41 o  0   0.96 199.98060 -47.28486  3075.72 10414.74 3.49 3.34 -56.9 -0.419 18.44 19.88 01a58247o0047o
58247.381528  19.657  0.596    50   30 o  0   1.19 199.98060 -47.28486  3095.41 10483.80 3.55 3.29 -77.0 -0.423 18.65 20.05 01a58247o0064o
58247.389349 -19.856  0.879   -41   36 o  0   1.05 199.98060 -47.28486  3046.87 10438.46 3.52 3.19 -76.5 -0.430 18.44 19.84 01a58247o0081o
58250.378141 -22.540  4.000    -4   14 c  0   1.27 199.98060 -47.28486  5030.12  1076.87 2.92 2.59  59.2 -0.417 19.34 20.87 02a58250o0295c
58250.385945 -21.824  2.111    -7   14 c  0   0.92 199.98060 -47.28486  5019.63  1036.96 2.93 2.63  71.6 -0.408 19.31 20.86 02a58250o0312c
58250.393738 -21.212  1.284   -12   15 c  0   1.48 199.98060 -47.28486  5073.52  1114.54 2.80 2.52  75.3 -0.410 19.30 20.83 02a58250o0329c
58250.397860 -21.220  1.238   -12   15 c  0   1.35 199.98060 -47.28486  5087.80   996.36 2.91 2.59  60.7 -0.425 19.37 20.87 02a58250o0338c
58251.343760  21.801  4.222     7   29 o  0   1.28 199.98060 -47.28486  2497.30  9598.98 3.37 3.15 -42.8 -0.443 18.68 20.41 01a58251o0222o
58251.352227  22.962 11.222     2   27 o  0   0.70 199.98060 -47.28486  2531.96  9670.84 2.93 2.79 -43.3 -0.475 18.88 20.44 01a58251o0239o
58251.361400 -21.657  2.885    -8   23 o  0   1.36 199.98060 -47.28486  8316.95   655.62 3.07 3.03 -27.5 -0.443 18.81 20.47 01a58251o0256o
58251.370738  19.914  0.615    39   24 o  0   1.31 199.98060 -47.28486  2466.19  9788.67 3.45 3.16  89.3 -0.432 18.95 20.52 01a58251o0271o
58257.364466 -21.192  3.056   -12   37 c  0   0.93 199.98060 -47.28486  5621.76  1446.00 3.81 3.07  74.9 -0.391 18.41 21.25 02a58257o0283c
58257.372288  20.918  2.440    16   38 c  0   0.99 199.98060 -47.28486  5611.08  1406.64 3.69 3.02  80.8 -0.393 18.47 21.23 02a58257o0300c
58257.380993 -20.616  1.550   -21   32 c  0   1.02 199.98060 -47.28486  5691.41  1365.32 3.35 2.74  82.7 -0.437 18.58 21.19 02a58257o0319c
58257.382361  21.789  4.923     7   34 c  0   0.79 199.98060 -47.28486  5665.03  1482.10 3.41 2.80  82.7 -0.428 18.54 21.19 02a58257o0322c
58259.359306  19.756  0.567    45   26 o  0   1.14 199.98060 -47.28486  2925.02  9535.76 4.03 3.58 -84.1 -0.395 18.69 20.30 01a58259o0277o
58259.367129  21.599  2.871     8   24 o  0   1.27 199.98060 -47.28486  2943.39  9606.28 3.51 3.18 -89.0 -0.430 18.81 20.28 01a58259o0294o
58259.374934  20.696  1.290    19   25 o  0   1.04 199.98060 -47.28486  2891.26  9560.83 3.60 3.23 -88.2 -0.418 18.79 20.24 01a58259o0311o
58259.382736 -20.430  0.973   -24   24 o  0   1.48 199.98060 -47.28486  2878.92  9709.22 3.91 3.59  87.0 -0.417 18.71 20.26 01a58259o0328o
58261.344835 -20.375  0.770   -26   20 o  0   1.30 199.98060 -47.28486  5712.94  2398.66 2.23 2.08  55.5 -0.451 18.93 19.55 02a58261o0263o
58261.352622  20.640  0.892    20   18 o  0   1.56 199.98060 -47.28486  5688.23  2359.26 2.37 2.20 -75.8 -0.423 18.93 19.54 02a58261o0280o
58261.360416  21.285  2.183    11   24 o  0   0.91 199.98060 -47.28486  5754.92  2435.82 2.47 2.24 -75.1 -0.417 18.82 19.52 02a58261o0297o
58261.368227 -23.419 13.909    -2   22 o  0   1.13 199.98060 -47.28486  5769.84  2318.71 2.50 2.31 -80.6 -0.415 18.75 19.47 02a58261o0314o
58263.352181 -17.911 12.517  -249 3112 o  0   0.83 199.98060 -47.28486  4207.54  8069.39 3.23 2.99 -80.8 -0.467 14.50 15.01 01a58263o0253o
58263.360001  15.868  1.803  1632 2942 o  0   1.35 199.98060 -47.28486  4223.06  8139.57 3.09 2.92 -75.6 -0.444 14.53 15.32 01a58263o0270o
58263.375614  12.331  0.994 42421 42181 o  0   0.97 199.98060 -47.28486  4146.57  8242.61 24.78 13.59   5.5 -0.136 13.63 14.11 01a58263o0304o
58273.334876  19.130  4.467    81  361 o  0   0.80 199.98060 -47.28486  6050.81  1127.08 2.90 2.35  75.7 -0.445 15.59 17.81 02a58273o0212o
58273.342678  18.665  0.990   124  123 o  0   1.25 199.98060 -47.28486  6026.68  1087.58 2.90 2.29  81.0 -0.447 17.25 19.45 02a58273o0229o
58273.350496 -18.774  0.744  -112   84 o  0   1.24 199.98060 -47.28486  6081.12  1164.08 2.85 2.36  86.9 -0.433 17.11 19.29 02a58273o0246o
58273.358346 -19.094  1.414   -84  118 o  0   1.02 199.98060 -47.28486  6109.53  1045.43 2.78 2.24  85.5 -0.449 17.25 19.18 02a58273o0263o
58275.321062 -19.969  0.593   -37   22 o  0   1.06 199.98060 -47.28486  5353.72  9909.57 3.76 3.09 -81.2 -0.426 19.04 20.44 01a58275o0208o
58275.328922  20.492  0.892    23   21 o  0   1.13 199.98060 -47.28486  5369.43  9980.45 3.55 2.90 -79.3 -0.444 18.98 20.42 01a58275o0225o
58275.336786 -19.742  0.530   -46   24 o  0   0.95 199.98060 -47.28486  5316.90  9934.02 3.57 2.98 -81.1 -0.430 18.99 20.41 01a58275o0242o
58275.344662 -21.295  2.293   -11   25 o  0   0.91 199.98060 -47.28486  5291.82 10083.07 3.63 3.08 -77.5 -0.422 18.97 20.43 01a58275o0259o
58279.323242  20.789  1.250    18   22 o  0   1.11 199.98060 -47.28486  4715.80  8974.91 3.95 3.29 -85.8 -0.403 18.93 20.64 01a58279o0185o
58279.331091 -20.409  0.792   -25   20 o  0   1.25 199.98060 -47.28486  4729.84  9045.86 3.52 2.99 -84.8 -0.428 19.03 20.60 01a58279o0202o
58279.338492  22.188  4.812     5   23 o  0   1.06 199.98060 -47.28486  4676.37  8998.11 3.85 3.22 -83.0 -0.405 18.95 20.55 01a58279o0218o
58279.346349 -20.979  1.635   -15   24 o  0   0.96 199.98060 -47.28486  4663.20  9145.86 3.67 3.10 -78.9 -0.413 18.89 20.45 01a58279o0235o
58281.322248 -19.551  0.524   -55   29 c  0   1.16 199.98060 -47.28486  7095.64   563.05 3.56 2.89  82.8 -0.412 18.72 21.24 02a58281o0131c
58281.330056 -21.331  2.900   -11   31 c  0   1.23 199.98060 -47.28486  7071.62   523.59 3.58 2.96  87.4 -0.408 18.73 21.21 02a58281o0148c
58281.337419 -19.782  0.722   -44   32 c  0   1.07 199.98060 -47.28486  7138.49   599.67 3.68 3.00  89.9 -0.398 18.63 21.13 02a58281o0164c
58281.345241  19.235  0.450    74   33 c  0   1.22 199.98060 -47.28486  7153.93   480.78 3.59 2.94  87.0 -0.415 18.60 21.01 02a58281o0181c
58283.280977 -19.983  0.441   -37   16 o  0   0.72 199.98060 -47.28486  8138.00  5569.97 2.36 2.33 -77.4 -0.428 19.20 20.27 02a58283o0082o
58283.285550  20.703  0.773    19   15 o  0   1.29 199.98060 -47.28486  8217.53  5646.09 2.31 2.27  56.5 -0.437 19.22 20.29 02a58283o0092o
58283.298692 -21.837  1.979    -7   13 o  0   1.55 199.98060 -47.28486  8126.08  5661.73 2.39 2.28  59.5 -0.439 19.17 20.31 02a58283o0119o
58283.306010  21.458  1.463    10   14 o  0   1.20 199.98060 -47.28486  8247.69  5543.61 2.40 2.25  66.9 -0.445 19.19 20.33 02a58283o0135o
58283.317979  19.579  0.396    54   21 o  0   1.25 199.98060 -47.28486  4683.68 10075.09 3.67 3.09 -78.6 -0.419 18.99 20.58 01a58283o0151o
58283.321478 -21.274  1.371   -11   15 o  0   0.91 199.98060 -47.28486  8184.25  5602.35 2.57 2.43  84.5 -0.416 19.11 20.34 02a58283o0168o
58283.325853  20.621  1.164    20   24 o  0   1.08 199.98060 -47.28486  4694.67 10114.20 3.69 3.25 -77.7 -0.416 18.92 20.50 01a58283o0168o
58283.333248  21.955  3.952     6   24 o  0   1.07 199.98060 -47.28486  4638.30 10037.93 3.54 3.10 -78.2 -0.428 18.91 20.45 01a58283o0184o
58283.341100  21.168  1.818    12   22 o  0   1.38 199.98060 -47.28486  4611.29 10156.08 3.50 3.00 -77.9 -0.435 18.92 20.41 01a58283o0201o
58285.313925  22.687  5.250     3   16 c  0   1.32 199.98060 -47.28486  8193.33   100.56 2.97 2.66  81.2 -0.405 19.38 21.11 02a58285o0155c
58285.321748 -21.396  1.729   -10   17 c  0   1.29 199.98060 -47.28486  8168.59    61.60 3.08 2.79  70.2 -0.409 19.39 21.14 02a58285o0172c
58285.329568 -21.251  1.596   -12   18 c  0   0.84 199.98060 -47.28486  8235.49   137.16 3.02 2.74  87.7 -0.399 19.40 21.17 02a58285o0189c
58287.309428  21.924  5.045     6   31 o  0   1.04 199.98060 -47.28486  5518.32  8163.16 3.33 2.81 -80.8 -0.444 18.63 19.87 01a58287o0151o
58287.316827 -20.112  0.933   -33   30 o  0   1.03 199.98060 -47.28486  5544.22  8200.93 3.29 2.82 -80.9 -0.445 18.64 19.86 01a58287o0167o
58291.304899 -19.871  0.957   -41   39 o  0   0.94 199.98060 -47.28486  2416.98 10356.25 3.15 2.79 -80.5 -0.466 18.42 19.30 01a58291o0143o
58291.312763  20.378  1.436    26   37 o  0   1.25 199.98060 -47.28486  2431.04 10393.97 3.16 2.78 -79.9 -0.456 18.39 19.24 01a58291o0160o
58291.320153  20.324  1.446    27   39 o  0   1.22 199.98060 -47.28486  2376.45 10316.80 3.34 2.95 -83.9 -0.436 18.34 19.21 01a58291o0176o
58491.631392  21.441  2.280    10   22 o  0   1.25 199.98060 -47.28486  2003.29  5859.72 4.12 3.81  70.8 -0.413 18.86 21.19 01a58491o0940o
58491.641526 -22.167  4.250    -5   21 o  0   1.30 199.98060 -47.28486  1975.83  5786.19 4.15 3.89  46.7 -0.433 18.86 21.16 01a58491o0962o
58491.654888 -23.830 20.000    -1   21 o  0   1.13 199.98060 -47.28486  2014.12  5817.15 3.74 3.50  63.7 -0.424 18.80 20.93 01a58491o0991o
58491.659493 -21.277  2.097   -11   24 o  0   1.22 199.98060 -47.28486  2035.36  5685.34 3.68 3.49  50.3 -0.430 18.68 20.59 01a58491o1001o
58493.650569 -20.984  2.308   -15   34 c  0   0.94 199.98060 -47.28486  3166.72  4872.50 2.68 2.35  75.0 -0.419 18.28 20.88 02a58493o0983c
58493.660225 -19.349  0.481   -66   32 c  0   1.61 199.98060 -47.28486  3190.13  4910.14 2.58 2.25  82.1 -0.425 18.11 20.73 02a58493o1004c
58493.663425 -23.328 27.000    -2   46 c  0   1.02 199.98060 -47.28486  3136.37  4834.00 2.71 2.36  84.6 -0.427 17.80 20.46 02a58493o1011c
58497.644274 -24.893 38.667    -0   16 o  0   1.07 199.98060 -47.28486  3164.26  4872.47 2.26 2.12 -38.6 -0.445 19.36 20.83 02a58497o0971o
58497.651132 -20.379  0.585   -26   15 o  0   0.93 199.98060 -47.28486  3135.30  4835.01 2.13 2.07 -20.2 -0.453 19.38 20.86 02a58497o0986o
58497.652047 -21.128  1.177   -13   15 o  0   1.11 199.98060 -47.28486  3187.28  4911.62 2.33 2.07 -44.1 -0.440 19.34 20.85 02a58497o0988o
58497.658909 -20.815  1.043   -17   18 o  0   0.68 199.98060 -47.28486  3105.75  4951.57 2.18 2.04 -39.9 -0.450 19.37 20.75 02a58497o1003o
58519.611208  21.487  1.789     9   16 o  0   1.44 199.98060 -47.28486  6846.41   830.09 3.05 2.93 -52.0 -0.457 19.17 21.41 01a58519o0883o
58519.622901  21.224  1.943    12   23 o  0   1.12 199.98060 -47.28486  3762.28  9789.97 3.83 3.42 -54.8 -0.415 19.13 21.27 01a58519o0908o
58519.632902 -20.292  0.789   -28   22 o  0   1.08 199.98060 -47.28486  3709.84  9713.85 4.24 3.70 -70.4 -0.390 19.08 21.35 01a58519o0929o
58519.638888 -22.610  5.909    -3   19 o  0   1.08 199.98060 -47.28486  3697.31  9829.38 3.76 3.35 -68.8 -0.428 19.18 21.31 01a58519o0942o
58523.595144 -19.911  0.617   -39   24 o  0   1.26 199.98060 -47.28486  4745.84  2823.08 3.11 2.94  77.5 -0.448 18.74 20.66 01a58523o0705o
58523.604983 -20.907  2.405   -16   38 o  0   0.94 199.98060 -47.28486  5805.91  7714.72 3.67 3.39 -62.9 -0.410 18.63 20.78 01a58523o0726o
58523.606852 -20.615  1.761   -21   36 o  0   1.29 199.98060 -47.28486  5860.44  7791.65 4.17 3.74 -53.3 -0.398 18.58 20.80 01a58523o0730o
58523.619145 -20.307  0.767   -27   21 o  0   1.50 199.98060 -47.28486  5796.01  7830.13 3.60 3.28 -82.9 -0.431 19.01 21.04 01a58523o0756o
58531.588289   0.000 19.537    -0   56 o  0   1.11 199.98060 -47.28486  6448.97  5808.49 4.25 3.95 -89.7 -0.385 17.89 19.43 01a58531o0822o
58531.590137 -20.412  1.654   -25   41 o  0   1.09 199.98060 -47.28486  4252.47  4885.37 3.72 3.57  46.2 -0.409 17.91 19.45 01a58531o0826o
58531.596581 -19.894  1.301   -40   52 o  0   1.05 199.98060 -47.28486  6476.15  5845.71 4.10 3.79 -86.9 -0.382 18.07 19.46 01a58531o0840o
58531.597043  23.137 18.000     2   36 o  0   1.31 199.98060 -47.28486  4279.48  4921.93 3.52 3.43  53.0 -0.423 18.02 19.44 01a58531o0841o
58531.604413  20.765  2.409    18   43 o  0   1.35 199.98060 -47.28486  6409.37  5767.92 4.15 3.85 -85.4 -0.380 18.10 19.50 01a58531o0857o
58531.613531 -19.677  0.890   -49   44 o  0   1.01 199.98060 -47.28486  6400.93  5883.93 3.91 3.55 -88.8 -0.384 18.25 19.56 01a58531o0876o
58531.615833 -20.225  1.035   -30   30 o  0   1.04 199.98060 -47.28486  4214.77  4845.98 3.64 3.53  78.3 -0.410 18.20 19.59 01a58531o0881o
58531.624501 -19.037  0.340   -88   30 o  0   1.19 199.98060 -47.28486  4205.54  4961.12 3.81 3.45  86.6 -0.410 18.31 19.76 01a58531o0899o
58539.580354  20.684  1.780    19   34 o  0   1.38 199.98060 -47.28486  4323.68  7781.96 3.66 3.54  84.2 -0.441 18.50 19.82 01a58539o0783o
58539.585904 -20.770  2.262   -18   40 o  0   0.93 199.98060 -47.28486  1979.65  4976.07 3.89 3.60  72.5 -0.439 18.21 19.66 01a58539o0795o
58539.589125 -19.904  1.019   -40   40 o  0   1.00 199.98060 -47.28486  4338.54  7818.85 4.05 3.89  75.5 -0.409 18.39 19.83 01a58539o0802o
58539.594654 -20.485  1.451   -23   34 o  0   1.03 199.98060 -47.28486  2007.22  5012.53 3.57 3.36  80.5 -0.433 18.29 19.70 01a58539o0814o
58539.597896  19.904  0.915    40   36 o  0   1.36 199.98060 -47.28486  4284.82  7742.17 3.97 3.78  81.7 -0.404 18.46 19.83 01a58539o0821o
58539.603416 -20.358  1.214   -26   32 o  0   1.04 199.98060 -47.28486  1952.98  4936.96 3.23 3.06  76.1 -0.461 18.45 19.70 01a58539o0833o
58539.606640  19.947  0.885    38   34 o  0   1.38 199.98060 -47.28486  4260.80  7857.66 3.81 3.56  87.8 -0.427 18.50 19.80 01a58539o0840o
58539.612171 -20.051  0.837   -35   29 o  0   1.14 199.98060 -47.28486  1929.02  5052.87 3.20 2.98  76.7 -0.461 18.51 19.68 01a58539o0852o
58543.538197 -20.885  1.200   -16   19 o  0   1.63 199.98060 -47.28486  7404.46  5662.09 3.29 3.07 -87.7 -0.441 18.85 20.67 01a58543o0688o
58543.545566 -19.883  0.555   -40   22 o  0   1.06 199.98060 -47.28486  7375.50  5627.50 3.36 3.29 -73.0 -0.419 18.71 20.72 01a58543o0704o
58543.553876 -22.055  4.643    -6   25 o  0   1.12 199.98060 -47.28486  3140.03  4887.23 3.18 3.11  32.8 -0.441 18.61 20.52 01a58543o0717o
58543.567624  20.963  1.533    15   23 o  0   1.21 199.98060 -47.28486  3114.29  5004.41 3.14 3.12 -10.8 -0.448 18.73 20.55 01a58543o0746o
58547.538056  20.092  3.158    33  105 o  0   0.82 199.98060 -47.28486  3164.45  4923.92 3.38 3.22  69.5 -0.432 17.08 19.03 01a58547o0705o
58547.545132  19.854  6.455    42  268 o  0   1.16 199.98060 -47.28486  7373.49  5626.94 3.61 3.53  64.7 -0.417 16.53 18.75 01a58547o0720o
58547.547165  20.309  5.167    27  141 o  0   1.20 199.98060 -47.28486  3136.50  4886.29 3.40 3.26  35.9 -0.435 16.87 18.75 01a58547o0724o
58547.552231 -17.053  0.830  -548  455 o  0   1.43 199.98060 -47.28486  3113.81  5002.40 3.36 3.23   3.3 -0.440 16.16 18.02 01a58547o0735o
58551.537693   0.000 16.839    -0  667 o  0   1.08 199.98060 -47.28486  8378.41  5809.75 3.48 3.28  78.9 -0.453 15.30 17.50 01a58551o0704o
58551.539547 -18.817  4.120  -108  445 o  0   0.89 199.98060 -47.28486  6386.43  4842.34 3.43 3.35 -36.4 -0.421 15.44 17.67 01a58551o0708o
58551.547391  17.616  0.923   326  301 o  0   1.21 199.98060 -47.28486  8393.20  5847.25 3.67 3.40 -80.5 -0.410 15.38 17.47 01a58551o0725o
58551.558930  18.492  5.842   146  851 o  0   0.83 199.98060 -47.28486  6346.27  4802.07 3.38 3.29 -44.8 -0.425 15.02 17.16 01a58551o0750o
58555.533434 -19.197  0.884   -76   67 o  0   1.22 199.98060 -47.28486  9343.60  9715.32 4.16 3.62 -81.3 -0.409 18.02 19.81 01a58555o0691o
58555.543205 -18.346  0.846  -167  141 o  0   0.85 199.98060 -47.28486  9371.41  9754.93 3.99 3.49 -85.2 -0.416 16.56 18.33 01a58555o0712o
58555.546908 -18.921  6.583   -98  646 o  0   1.05 199.98060 -47.28486  7422.42  4875.56 3.53 3.33 -81.4 -0.414 15.30 17.36 01a58555o0720o
58559.488896  22.095  9.875     5   52 o  0   0.94 199.98060 -47.28486  6714.89  3877.78 3.71 3.54  43.4 -0.401 17.86 19.81 01a58559o0547o
58559.498564  21.343  4.167    10   44 o  0   1.03 199.98060 -47.28486  6742.18  3914.94 3.74 3.60  40.9 -0.421 17.93 19.72 01a58559o0568o
58559.510436 -20.922  2.457   -16   38 o  0   0.96 199.98060 -47.28486  6676.86  3838.06 3.49 3.40  25.0 -0.418 18.14 19.65 01a58559o0593o
58559.521029 -20.936  2.462   -15   38 o  0   0.99 199.98060 -47.28486  6665.10  3953.37 3.49 3.37  22.1 -0.425 18.22 19.64 01a58559o0616o
58567.488182  16.421  0.670   981  658 o  0   1.27 199.98060 -47.28486  1180.91  4058.41 3.17 2.88 -17.0 -0.452 14.99 16.22 01a58567o0590o
58567.492328 -18.232  0.727  -185  134 o  0   0.99 199.98060 -47.28486  1208.48  4095.40 3.06 2.98   0.1 -0.450 16.41 17.49 01a58567o0599o
58567.500153 -19.423  6.958   -62  430 o  0   0.93 199.98060 -47.28486  1140.45  4021.12 3.30 3.08 -10.2 -0.438 15.77 16.64 01a58567o0616o
58567.507420 -17.027  1.901  -561 1067 o  0   0.92 199.98060 -47.28486  1130.38  4138.66 3.24 3.17  80.8 -0.469 15.07 15.92 01a58567o0631o
58571.484143 -19.873  0.591   -41   24 o  0   1.28 199.98060 -47.28486  9958.65  5841.97 3.37 3.26  24.1 -0.437 18.75 20.36 01a58571o0506o
58571.485989 -20.357  1.079   -26   28 o  0   0.90 199.98060 -47.28486  7915.84  4842.08 3.77 3.71  46.8 -0.400 18.58 20.34 01a58571o0510o
58571.491062  20.448  1.096    24   26 o  0   1.19 199.98060 -47.28486  7929.59  4880.25 4.11 4.08   4.0 -0.398 18.55 20.40 01a58571o0521o
58571.492446 -19.558  0.550   -54   30 o  0   1.10 199.98060 -47.28486  9986.30  5880.99 4.71 4.46  88.9 -0.349 18.54 20.43 01a58571o0524o
58571.501653 -19.786  0.639   -44   28 o  0   1.22 199.98060 -47.28486  9917.90  5800.57 4.19 4.09   0.5 -0.382 18.59 20.39 01a58571o0544o
58571.502114 -21.308  2.429   -11   26 o  0   0.94 199.98060 -47.28486  7875.57  4802.21 4.03 3.79  -8.5 -0.382 18.63 20.38 01a58571o0545o
58571.504874  19.804  0.660    44   29 o  0   1.44 199.98060 -47.28486   664.70  6026.29 4.11 3.95  79.9 -0.399 18.60 20.38 01a58571o0551o
58571.510859 -22.371  7.400    -4   30 o  0   1.09 199.98060 -47.28486   692.28  6062.70 4.11 4.01  84.7 -0.405 18.52 20.29 01a58571o0564o
58571.511779  19.631  0.618    51   32 o  0   1.10 199.98060 -47.28486   624.67  5989.22 3.98 3.95 -58.2 -0.385 18.56 20.27 01a58571o0566o
58571.513159  22.065  4.750     5   26 o  0   1.30 199.98060 -47.28486  7851.53  4916.78 4.28 4.25 -58.3 -0.410 18.49 20.20 01a58571o0569o
58571.514079 -20.649  1.424   -20   28 o  0   1.32 199.98060 -47.28486  9907.36  5915.54 3.79 3.75  50.5 -0.416 18.66 20.21 01a58571o0571o
58571.524247 -22.206  6.059    -5   29 o  0   1.16 199.98060 -47.28486   614.22  6104.46 3.47 3.32  79.6 -0.418 18.72 20.18 01a58571o0593o
58575.484509 -22.378  6.733    -4   27 o  0   3.15 199.98060 -47.28486  4536.21  5846.83 3.11 3.03   7.2 -0.427 18.67 20.12 01a58575o0578o
58575.490037 -19.834  0.643   -42   27 o  0   0.93 199.98060 -47.28486  2125.80  4974.75 2.97 2.92  56.9 -0.463 18.66 20.12 01a58575o0590o
58575.493264  20.521  1.000    22   22 o  0   1.44 199.98060 -47.28486  4550.56  5884.20 3.16 3.09  -4.2 -0.419 18.74 20.19 01a58575o0597o
58575.498793  22.032  4.000     6   22 o  0   1.22 199.98060 -47.28486  2140.09  5011.76 2.98 2.94  43.4 -0.457 18.74 20.15 01a58575o0609o
58575.502020 -20.631  1.118   -20   23 o  0   1.22 199.98060 -47.28486  4496.91  5807.72 3.07 3.05  15.8 -0.427 18.79 20.11 01a58575o0616o
58575.507560  19.579  0.486    54   26 o  0   1.04 199.98060 -47.28486  2086.04  4936.10 3.08 2.98  67.6 -0.454 18.72 20.15 01a58575o0628o
58575.510785  20.409  0.970    25   24 o  0   0.99 199.98060 -47.28486  4473.27  5922.62 3.23 3.12 -11.2 -0.415 18.79 20.18 01a58575o0635o
58575.516316  23.891 24.250     1   24 o  0   0.96 199.98060 -47.28486  2062.40  5051.83 3.16 3.01  86.3 -0.450 18.81 20.20 01a58575o0647o
58577.474678 -21.221  1.404   -12   17 c  0   1.05 199.98060 -47.28486  5768.68  5700.77 3.03 2.64  42.5 -0.367 19.22 21.09 02a58577o0549c
58577.480164  22.007  2.719     6   16 c  0   0.99 199.98060 -47.28486  5756.66  5662.55 2.66 2.53  78.4 -0.393 19.26 21.05 02a58577o0561c
58577.489767 -22.015  2.800    -6   16 c  0   0.89 199.98060 -47.28486  5809.65  5739.03 2.72 2.60  73.6 -0.388 19.20 21.02 02a58577o0582c
58577.502111 -21.887  2.219    -6   14 c  0   1.19 199.98060 -47.28486  5836.78  5624.07 2.89 2.62  58.1 -0.372 19.19 21.04 02a58577o0609c
58579.461068 -19.986  0.802   -37   30 o  0   0.98 199.98060 -47.28486  4624.21  4877.99 3.77 3.48  -5.3 -0.403 18.45 20.21 01a58579o0489o
58579.466133 -19.234  0.382   -74   28 o  0   1.07 199.98060 -47.28486  4638.11  4916.35 3.74 3.61   2.0 -0.393 18.48 20.21 01a58579o0500o
58579.476726  20.414  0.986    25   24 o  0   1.28 199.98060 -47.28486  4583.98  4838.51 3.63 3.37  -8.3 -0.405 18.64 20.22 01a58579o0523o
58579.487927 -22.011  4.600    -6   26 o  0   1.08 199.98060 -47.28486  4560.44  4955.53 3.99 3.74 -12.1 -0.381 18.63 20.25 01a58579o0546o
58581.474648  20.807  0.619    17   11 c  0   1.47 199.98060 -47.28486  4116.09  4726.32 2.59 2.42  64.1 -0.389 19.26 20.97 02a58581o0538c
58581.478344 -21.227  1.292   -12   15 c  0   0.96 199.98060 -47.28486  6292.12  5694.14 2.90 2.40  46.1 -0.377 19.29 20.96 02a58581o0546c
58581.484302 -21.268  1.375   -11   16 c  0   1.03 199.98060 -47.28486  4091.36  4687.61 2.64 2.52  77.4 -0.390 19.21 20.95 02a58581o0559c
58581.487998 -21.400  1.556   -10   16 c  0   1.04 199.98060 -47.28486  6267.27  5657.77 2.74 2.58  74.8 -0.385 19.18 20.93 02a58581o0567c
58581.493052  24.567 24.000     0   13 c  0   1.15 199.98060 -47.28486  4157.63  4766.07 2.69 2.53  74.3 -0.383 19.20 20.93 02a58581o0578c
58581.496737  21.386  1.600    10   16 c  0   1.09 199.98060 -47.28486  6333.42  5734.87 2.72 2.53  82.6 -0.391 19.20 20.91 02a58581o0586c
58581.502725  20.910  0.910    16   14 c  0   1.02 199.98060 -47.28486  4172.29  4650.99 2.64 2.46  79.4 -0.389 19.23 20.90 02a58581o0599c
58583.461510 -21.395  2.700   -10   27 o  0   1.19 199.98060 -47.28486  9761.57  4868.40 3.62 3.29 -82.2 -0.438 18.65 20.21 01a58583o0391o
58583.471198 -21.809  4.095    -7   28 o  0   1.27 199.98060 -47.28486  9775.51  4907.28 3.57 3.39 -73.7 -0.433 18.64 20.18 01a58583o0412o
58583.473965  21.324  2.511    11   27 o  0   0.81 199.98060 -47.28486  2427.00  7863.99 3.14 3.00 -55.3 -0.444 18.85 20.28 01a58583o0418o
58583.480439 -19.700  0.473   -48   23 o  0   1.32 199.98060 -47.28486  9720.60  4828.61 3.23 3.04 -77.9 -0.449 18.78 20.20 01a58583o0432o
58583.483662 -20.539  1.247   -22   28 o  0   0.92 199.98060 -47.28486  2441.37  7901.13 3.25 3.11 -70.6 -0.443 18.88 20.25 01a58583o0439o
58583.492889 -22.609  8.333    -3   27 o  0   1.12 199.98060 -47.28486  2388.21  7824.15 3.41 3.27 -86.5 -0.434 18.78 20.22 01a58583o0459o
58583.502576 -20.210  1.111   -30   33 o  0   0.92 199.98060 -47.28486  2363.99  7939.84 3.83 3.60 -61.1 -0.418 18.64 20.21 01a58583o0480o
58599.420647  24.539 35.667     1   20 o  0   1.04 199.98060 -47.28486  9639.11  7775.82 2.73 2.71  -7.5 -0.471 19.24 20.98 01a58599o0426o
58599.428973  21.710  2.279     8   17 o  0   1.17 199.98060 -47.28486  9652.96  7814.59 2.66 2.61   0.2 -0.488 19.22 20.93 01a58599o0444o
58599.436830 -20.326  0.638   -27   17 o  0   0.98 199.98060 -47.28486  9597.23  7734.93 2.69 2.68 -61.9 -0.479 19.24 20.98 01a58599o0461o
58599.437292 -21.086  1.183   -13   16 o  0   1.40 199.98060 -47.28486   518.97  7980.30 2.63 2.45 -53.3 -0.469 19.22 20.97 01a58599o0462o
58599.445129 -20.118  0.574   -33   19 o  0   1.16 199.98060 -47.28486  9587.80  7850.56 3.13 2.89  89.6 -0.448 19.11 20.81 01a58599o0479o
58599.445591  20.802  1.078    17   19 o  0   1.29 199.98060 -47.28486   533.95  8016.96 2.92 2.75 -57.6 -0.438 19.12 20.88 01a58599o0480o
58599.453435  20.676  1.183    20   23 o  0   1.17 199.98060 -47.28486   481.19  7942.70 3.56 3.27 -84.8 -0.417 18.94 20.68 01a58599o0497o
58599.461756 -20.160  0.696   -31   22 o  0   1.31 199.98060 -47.28486   458.45  8059.59 3.39 3.18 -78.2 -0.407 18.87 20.50 01a58599o0515o
58605.424290 -20.531  0.830   -22   18 c  0   0.82 199.98060 -47.28486  1302.91   759.48 3.13 2.51 -57.0 -0.418 19.15 21.04 02a58605o0397c
58605.428064  23.050 10.556     2   23 c  0   0.90 199.98060 -47.28486  3134.87  5673.19 2.85 2.60  52.8 -0.376 18.98 20.84 02a58605o0405c
58605.434125 -21.070  1.328   -14   18 c  0   1.02 199.98060 -47.28486  1277.36   718.59 3.03 2.41 -58.8 -0.422 19.16 20.96 02a58605o0418c
58605.439241  25.304 103.000     0   28 c  0   1.06 199.98060 -47.28486 10279.98   719.70 3.01 2.38 -59.0 -0.410 18.88 20.72 02a58605o0429c
58605.443436 -20.110  0.889   -33   29 c  0   1.02 199.98060 -47.28486  1344.93   801.27 2.78 2.46 -71.0 -0.418 18.23 20.02 02a58605o0438c
58605.449017  20.782  1.310    18   23 c  0   1.24 199.98060 -47.28486 10268.93   682.02 3.31 2.36 -54.7 -0.410 18.85 20.67 02a58605o0450c
58605.458720  20.138  0.941    32   30 c  0   1.06 199.98060 -47.28486 10321.38   758.73 3.04 2.35 -55.1 -0.418 19.02 20.85 02a58605o0471c
58605.468529  21.366  2.471    10   26 c  0   1.06 199.98060 -47.28486 10335.74   642.04 3.58 2.62 -53.5 -0.390 18.98 20.88 02a58605o0492c
58611.344639 -21.590  2.750    -8   23 o  0   1.17 199.98060 -47.28486  3515.37  3190.87 3.29 2.86  -7.5 -0.444 18.84 20.37 01a58611o0239o
58611.346718  20.740  1.480    18   27 o  0   1.34 199.98060 -47.28486  7092.48  7402.29 3.02 2.94 -12.1 -0.437 18.57 20.27 01a58611o0243o
58611.352446  21.655  3.208     8   25 o  0   1.30 199.98060 -47.28486  7034.67  7324.04 2.98 2.83   3.3 -0.445 18.66 20.25 01a58611o0255o
58611.371222  24.492 41.000     1   24 o  0   1.45 199.98060 -47.28486  7017.71  7436.24 3.27 3.05 -15.2 -0.426 18.73 20.26 01a58611o0291o
58619.353837  18.874  0.603   102   62 o  0   1.02 199.98060 -47.28486  4992.23  4873.95 3.56 2.84 -12.3 -0.410 17.56 18.34 01a58619o0260o
58619.354297 -18.810  0.514  -109   56 o  0   1.14 199.98060 -47.28486  7307.38  9304.27 2.94 2.69  -0.2 -0.460 17.92 18.68 01a58619o0261o
58619.356617 -20.038  1.670   -35   58 o  0   1.26 199.98060 -47.28486  5012.01  4911.40 3.55 2.91 -13.7 -0.405 17.56 18.36 01a58619o0266o
58619.357077 -21.342  5.145   -10   54 o  0   1.13 199.98060 -47.28486  7326.86  9342.07 2.83 2.70 -12.2 -0.473 17.94 18.70 01a58619o0267o
58619.363677 -19.115  0.665   -82   55 o  0   1.10 199.98060 -47.28486  4952.19  4835.16 3.59 2.98 -11.7 -0.400 17.63 18.40 01a58619o0281o
58619.364138  19.098  0.651    83   54 o  0   1.15 199.98060 -47.28486  7269.26  9263.21 3.10 2.97 -18.3 -0.429 17.87 18.72 01a58619o0282o
58619.382730 -19.589  1.018   -53   54 o  0   1.05 199.98060 -47.28486  4939.27  4951.15 3.76 3.27 -14.9 -0.384 17.60 18.54 01a58619o0321o
58619.383190  22.725 22.000     3   65 o  0   1.09 199.98060 -47.28486  7257.96  9380.26 3.30 3.17 -16.2 -0.416 17.75 18.69 01a58619o0322o
58621.330990 -19.204  0.690   -76   52 o  0   1.15 199.98060 -47.28486  4258.44  5690.93 2.74 2.02  41.9 -0.404 17.88 18.01 02a58621o0211o
58621.334839  21.891  7.480     6   48 o  0   1.37 199.98060 -47.28486  4239.92  5651.68 2.64 1.95  41.7 -0.413 17.86 18.00 02a58621o0219o
58621.341632 -22.404 11.419    -4   45 o  0   0.88 199.98060 -47.28486  4297.89  5732.01 2.46 2.09  47.7 -0.417 17.82 17.99 02a58621o0233o
58621.352666 -19.326  0.737   -68   50 o  0   1.48 199.98060 -47.28486  4317.27  5618.42 2.77 2.08  43.0 -0.414 17.75 17.97 02a58621o0256o
58623.355560  20.605  2.182    21   45 o  0   1.08 199.98060 -47.28486  4989.58  4870.49 3.58 3.03 -11.5 -0.404 17.84 18.80 01a58623o0263o
58623.358795 -18.881  0.432  -102   44 o  0   1.14 199.98060 -47.28486  5009.77  4908.51 3.63 3.10 -13.6 -0.398 17.91 18.81 01a58623o0270o
58623.363565  20.879  2.589    16   42 o  0   1.10 199.98060 -47.28486  4950.30  4832.19 3.50 3.04 -13.0 -0.405 17.92 18.82 01a58623o0280o
58623.364024 -19.959  1.120   -38   42 o  0   1.32 199.98060 -47.28486  7305.80  9299.71 2.94 2.86 -23.8 -0.444 18.07 18.96 01a58623o0281o
58623.366839 -20.391  1.886   -25   48 o  0   0.87 199.98060 -47.28486  7325.29  9338.37 2.97 2.81 -77.7 -0.460 18.11 18.95 01a58623o0287o
58623.371906  21.389  4.653    10   47 o  0   0.97 199.98060 -47.28486  7267.61  9259.89 2.97 2.85 -21.8 -0.443 18.04 18.92 01a58623o0298o
58623.377049 -22.646 12.846    -3   41 o  0   1.38 199.98060 -47.28486  4933.86  4946.36 3.19 2.97 -13.4 -0.425 17.91 18.80 01a58623o0309o
58623.382117 -18.718  0.400  -118   47 o  0   1.11 199.98060 -47.28486  7251.61  9376.14 3.16 3.04 -54.0 -0.440 18.01 18.87 01a58623o0320o
58625.334979 -20.659  0.930   -20   18 o  0   1.00 199.98060 -47.28486  4259.14  5690.64 2.65 2.08  42.8 -0.431 18.97 19.92 02a58625o0207o
58625.337840 -20.074  0.538   -34   18 o  0   1.60 199.98060 -47.28486  4239.83  5651.10 2.58 2.08  42.8 -0.421 18.93 19.84 02a58625o0213o
58625.343969  21.464  2.058     9   19 o  0   1.01 199.98060 -47.28486  4298.09  5731.19 2.63 2.10  42.8 -0.414 18.91 19.70 02a58625o0226o
58625.353817 -21.809  3.435    -7   24 o  0   1.11 199.98060 -47.28486  4319.06  5616.41 2.82 2.13  43.7 -0.409 18.75 19.54 02a58625o0247o
58627.264419 -20.158  0.538   -31   17 o  0   1.60 199.98060 -47.28486  6991.96  5658.55 3.74 3.01  -9.3 -0.383 18.92 20.60 01a58627o0079o
58627.267179 -20.917  1.305   -16   20 o  0   1.22 199.98060 -47.28486  6973.26  5621.62 3.68 3.05  -9.9 -0.388 18.96 20.64 01a58627o0085o
58627.276937  21.452  1.914    10   18 o  0   1.34 199.98060 -47.28486  7032.14  5695.77 3.76 2.99  -7.3 -0.389 18.94 20.70 01a58627o0105o
58627.278320 -19.518  0.332   -57   19 o  0   1.09 199.98060 -47.28486  8954.06  5003.00 3.60 2.87  -5.5 -0.410 19.01 20.71 01a58627o0108o
58627.281080  21.819  2.433     7   16 o  0   1.31 199.98060 -47.28486  8934.61  4965.80 3.29 2.82  -8.0 -0.424 19.05 20.74 01a58627o0114o
58627.282461  20.222  0.605    30   18 o  0   1.19 199.98060 -47.28486  7051.55  5581.79 3.38 2.82  -9.2 -0.416 19.00 20.78 01a58627o0117o
58627.286145 -21.767  2.581    -7   18 o  0   1.05 199.98060 -47.28486  8994.53  5040.48 3.37 2.77  -7.5 -0.421 19.07 20.79 01a58627o0125o
58627.306148  21.009  1.288    14   18 o  0   1.28 199.98060 -47.28486  9011.92  4921.07 3.56 2.79  -3.6 -0.421 18.96 20.84 01a58627o0167o
58631.267613  20.522  0.855    22   19 o  0   1.34 199.98060 -47.28486  6995.17  5660.29 3.86 3.15 -12.6 -0.379 18.86 20.53 01a58631o0011o
58631.268074 -22.385  5.000    -4   20 o  0   1.27 199.98060 -47.28486  8956.31  5003.91 3.93 3.07  -5.3 -0.390 18.83 20.51 01a58631o0012o
58631.270373  21.446  2.129    10   20 o  0   1.25 199.98060 -47.28486  6977.69  5623.35 3.93 3.21 -10.3 -0.382 18.82 20.55 01a58631o0017o
58631.270832  21.759  2.520     7   18 o  0   1.57 199.98060 -47.28486  8938.71  4966.86 3.88 3.09  -6.6 -0.387 18.82 20.54 01a58631o0018o
58631.290785 -19.964  0.571   -38   21 o  0   1.25 199.98060 -47.28486  7034.34  5696.06 3.42 2.97  -6.1 -0.418 18.82 20.56 01a58631o0060o
58631.291246  23.347 13.500     2   22 o  0   1.06 199.98060 -47.28486  8995.41  5038.04 3.47 2.93  -5.6 -0.417 18.87 20.59 01a58631o0061o
58631.304414 -19.819  0.607   -43   26 o  0   1.26 199.98060 -47.28486  3515.61  4996.51 2.99 2.81 -12.0 -0.458 18.58 20.44 01a58631o0089o
58631.304874 -19.396  0.442   -63   28 o  0   0.81 199.98060 -47.28486  1559.94  5668.59 3.00 2.79 -25.3 -0.454 18.56 20.45 01a58631o0090o
58633.293742 -21.050  1.122   -14   16 c  0   1.08 199.98060 -47.28486  3492.02  5680.10 2.90 2.37  40.9 -0.374 19.30 20.98 02a58633o0140c
58633.297021  24.111 19.600     1   16 c  0   1.01 199.98060 -47.28486  3472.97  5641.36 2.86 2.33  41.8 -0.374 19.31 20.99 02a58633o0147c
58633.302533 -21.506  1.464    -9   13 c  0   1.24 199.98060 -47.28486  3531.50  5721.36 2.61 2.42  45.1 -0.392 19.35 21.01 02a58633o0159c
58633.302990  21.714  1.854     8   14 c  0   0.92 199.98060 -47.28486  1456.60  1257.27 2.57 2.36  78.1 -0.437 19.36 21.08 02a58633o0160c
58633.305777 -23.051  5.286    -2   12 c  0   1.43 199.98060 -47.28486  1438.41  1214.89 2.57 2.36 -84.9 -0.442 19.38 21.09 02a58633o0166c
58633.311745 -20.994  1.059   -14   15 c  0   0.90 199.98060 -47.28486  1496.15  1298.63 2.75 2.40 -62.0 -0.436 19.36 21.09 02a58633o0179c
58633.314494 -23.697 12.143    -1   15 c  0   1.21 199.98060 -47.28486  3552.85  5604.42 2.70 2.28  42.8 -0.385 19.29 20.97 02a58633o0185c
58633.321427 -21.083  1.188   -13   16 c  0   0.98 199.98060 -47.28486  1514.91  1182.22 2.92 2.55 -61.7 -0.426 19.29 21.11 02a58633o0200c
58635.290105  20.945  1.571    15   24 o  0   1.26 199.98060 -47.28486  9124.24  4858.67 3.28 2.69  -0.9 -0.440 18.71 20.47 01a58635o0130o
58635.293436 -23.948 25.667    -1   25 o  0   1.02 199.98060 -47.28486  9145.04  4897.22 3.00 2.69   5.7 -0.456 18.76 20.48 01a58635o0137o
58635.298988  20.741  1.169    18   22 o  0   1.74 199.98060 -47.28486  9083.89  4818.31 3.10 2.66   1.1 -0.452 18.81 20.48 01a58635o0149o
58635.306870  20.782  1.024    18   18 o  0   1.90 199.98060 -47.28486  1556.70  9279.29 2.68 2.44 -41.3 -0.507 18.95 20.57 01a58635o0166o
58635.309660 -21.702  2.757    -8   21 o  0   1.14 199.98060 -47.28486  1576.32  9316.81 2.65 2.45 -41.8 -0.517 18.98 20.58 01a58635o0172o
58635.310120 -22.580  6.727    -3   23 o  0   1.13 199.98060 -47.28486  9067.67  4931.70 3.38 2.83 -10.4 -0.432 18.81 20.49 01a58635o0173o
58635.315651  21.895  3.710     6   24 o  0   1.05 199.98060 -47.28486  1519.36  9241.26 2.80 2.51 -46.4 -0.505 19.01 20.61 01a58635o0185o
58635.325844 -21.335  1.839   -11   20 o  0   1.24 199.98060 -47.28486  1504.11  9359.39 2.59 2.43 -69.7 -0.536 19.16 20.63 01a58635o0207o
58637.267346 -21.223  1.200   -12   14 c  0   1.12 199.98060 -47.28486  2633.63  4882.16 2.52 2.47  49.4 -0.395 19.36 21.01 02a58637o0075c
58637.270098 -21.747  1.767    -7   13 c  0   1.14 199.98060 -47.28486  2652.88  4920.90 2.70 2.50  35.3 -0.390 19.35 21.04 02a58637o0081c
58637.284125 -20.492  0.547   -23   13 c  0   1.24 199.98060 -47.28486  2589.44  4844.40 2.55 2.40  32.0 -0.401 19.42 21.14 02a58637o0110c
58637.289168  24.427 20.500     1   13 c  0   1.09 199.98060 -47.28486  2570.92  4958.76 2.49 2.45 -19.6 -0.404 19.44 21.19 02a58637o0121c
58641.242909 -17.996  0.602  -230  138 c  0   1.09 199.98060 -47.28486  2645.96  4881.20 3.02 2.55  33.3 -0.401 16.52 17.31 02a58641o0022c
58641.264028 -21.861  2.043    -6   13 c  0   1.33 199.98060 -47.28486  2651.41  4922.08 2.40 2.33  21.4 -0.395 19.20 20.55 02a58641o0067c
58641.266772 -20.067  0.451   -34   15 c  0   0.86 199.98060 -47.28486  2593.72  4846.51 2.53 2.28  30.5 -0.390 19.24 20.59 02a58641o0073c
58641.280153 -20.775  0.973   -18   17 c  0   0.73 199.98060 -47.28486  7957.99  5581.49 2.71 2.39  48.9 -0.382 19.26 20.71 02a58641o0101c
58643.241462  20.285  8.063    28  225 o  0   1.06 199.98060 -47.28486  2301.63  5698.53 4.26 3.65 -10.2 -0.367 16.67 17.73 01a58643o0021o
58643.262459  20.621  1.814    20   37 o  0   0.89 199.98060 -47.28486  8288.06  4885.55 3.54 3.00  -1.2 -0.418 18.32 19.96 01a58643o0066o
58643.265425 -24.274 48.500    -1   34 o  0   0.96 199.98060 -47.28486  2348.00  5739.94 3.52 2.82 -18.6 -0.417 18.46 19.84 01a58643o0072o
58643.273493 -20.104  0.867   -33   29 o  0   1.14 199.98060 -47.28486  8210.24  4922.82 3.46 2.79  -4.9 -0.413 18.50 20.01 01a58643o0089o
58645.275060  25.379 88.500     0   23 o  0   1.21 199.98060 -47.28486  9935.59  5595.78 2.33 2.12  32.6 -0.450 18.79 19.43 02a58645o0092o
58645.277824 -19.858  0.535   -41   22 o  0   1.05 199.98060 -47.28486  9916.34  5556.74 2.43 2.19 -66.9 -0.453 18.80 19.43 02a58645o0098o
58645.283522 -20.634  1.266   -20   26 o  0   1.04 199.98060 -47.28486  9976.13  5632.40 2.50 2.17 -65.6 -0.460 18.80 19.43 02a58645o0110o
58645.294629 -22.138  5.462    -5   28 o  0   0.89 199.98060 -47.28486  9996.83  5516.84 2.31 2.15 -69.7 -0.463 18.88 19.46 02a58645o0134o
58647.269710 -21.246  4.677   -12   54 o  0   1.16 199.98060 -47.28486  8264.89  4847.88 3.55 2.99  -4.8 -0.409 17.77 18.63 01a58647o0086o
58647.272535 -19.803  1.270   -44   55 o  0   1.09 199.98060 -47.28486  8285.48  4886.30 3.71 3.18  -8.9 -0.404 17.69 18.65 01a58647o0092o
58647.278565  20.260  1.789    29   51 o  0   1.11 199.98060 -47.28486  8225.39  4806.58 3.89 3.37  -8.6 -0.387 17.72 18.68 01a58647o0105o
58647.314736  21.749  5.692     7   41 o  0   1.15 199.98060 -47.28486  8207.77  4921.44 3.57 3.16  -6.8 -0.387 17.92 18.82 01a58647o0122o
58647.315196 -19.763  0.946   -45   43 o  0   1.23 199.98060 -47.28486  8207.56  4920.79 3.53 3.10  -5.9 -0.382 17.91 18.82 01a58647o0123o
58649.276206 -19.282  0.543   -70   38 o  0   0.75 199.98060 -47.28486  9940.96  5592.15 2.49 1.98  38.0 -0.429 18.23 18.51 02a58649o0094o
58649.280496 -22.080  6.256    -5   33 o  0   1.38 199.98060 -47.28486  9921.50  5557.05 2.41 2.01  36.7 -0.432 18.19 18.51 02a58649o0103o
58649.285597 -20.587  1.907   -21   40 o  0   1.46 199.98060 -47.28486  9980.29  5632.83 2.52 2.04  38.1 -0.425 18.18 18.50 02a58649o0114o
58649.296390 -20.479  1.596   -23   37 o  0   2.02 199.98060 -47.28486 10000.44  5516.79 2.56 2.16  39.9 -0.416 18.16 18.47 02a58649o0137o
58651.272713 -19.201  0.968   -76   73 o  0   1.04 199.98060 -47.28486  2385.03  4960.15 3.45 2.81 -13.2 -0.427 17.43 18.29 01a58651o0070o
58651.276027  19.375  1.214    65   78 o  0   0.85 199.98060 -47.28486  2405.03  4996.75 3.54 2.99 -17.4 -0.416 17.40 18.29 01a58651o0077o
58655.273864  19.970  0.757    37   28 o  0   1.51 199.98060 -47.28486  2379.53  4960.80 3.63 3.11 -12.0 -0.403 18.40 20.05 01a58655o0091o
58655.278014 -19.841  1.386   -42   58 o  0   1.06 199.98060 -47.28486  2400.33  4998.07 3.52 3.07 -20.3 -0.403 17.68 19.26 01a58655o0100o
58655.284545 -20.157  0.672   -31   21 o  0   1.18 199.98060 -47.28486  2340.18  4922.51 3.18 2.91 -17.7 -0.436 18.86 20.31 01a58655o0114o
58655.294703 -22.858 12.833    -3   34 o  0   0.94 199.98060 -47.28486  2323.13  5037.83 3.13 2.86 -20.9 -0.433 18.28 19.67 01a58655o0136o
58657.253167 -19.916  1.696   -39   66 o  0   1.03 199.98060 -47.28486  7291.12  5674.98 3.44 2.27  41.1 -0.387 17.93 18.53 02a58657o0017o
58657.256842  21.705  5.810     8   44 o  0   1.51 199.98060 -47.28486  7271.85  5637.51 3.39 2.24  40.1 -0.394 18.00 18.73 02a58657o0025o
58657.261435  20.011  0.921    36   33 o  0   1.12 199.98060 -47.28486  9205.01  3298.65 2.68 2.12  37.1 -0.400 18.44 19.39 02a58657o0035o
58657.262349 -19.311  0.460   -68   32 o  0   1.12 199.98060 -47.28486  7330.42  5715.68 3.29 2.20  41.6 -0.398 18.38 19.32 02a58657o0037o
58657.265194 -19.948  0.852   -38   32 o  0   1.03 199.98060 -47.28486  9186.21  3261.32 2.55 2.11  40.7 -0.404 18.48 19.44 02a58657o0043o
58657.271747  22.156  5.000     5   25 o  0   0.75 199.98060 -47.28486  9243.45  3340.04 2.37 2.10  44.4 -0.412 18.90 19.82 02a58657o0057o
58657.272663 -21.033  1.656   -14   23 o  0   1.17 199.98060 -47.28486  7350.13  5602.18 3.30 2.18  42.1 -0.402 18.77 19.80 02a58657o0059o
58657.281562 -21.088  1.762   -13   24 o  0   0.92 199.98060 -47.28486  9263.06  3224.39 2.36 2.09  43.9 -0.411 18.80 19.81 02a58657o0078o
58659.242354  18.171  1.040   196  203 o  0   0.98 199.98060 -47.28486  8967.92  7274.98 3.41 2.82  -2.3 -0.441 17.52 18.38 01a58659o0022o
58659.242815  21.927 13.733     6   84 o  0   1.09 199.98060 -47.28486  1143.72  5030.47 3.60 2.86 -16.8 -0.411 17.42 18.60 01a58659o0023o
58659.245577 -18.640  0.599  -127   76 o  0   0.91 199.98060 -47.28486  8989.19  7313.68 3.52 3.04  -1.1 -0.409 17.90 19.03 01a58659o0029o
58659.246037 -20.503  2.286   -23   52 o  0   0.94 199.98060 -47.28486  1164.98  5067.93 3.66 2.99 -15.4 -0.400 17.79 19.16 01a58659o0030o
58659.251102 -20.174  0.974   -31   30 o  0   1.01 199.98060 -47.28486  8931.59  7234.69 3.46 3.04  -2.7 -0.398 18.50 19.86 01a58659o0041o
58659.252023  21.548  5.158     9   45 o  0   0.74 199.98060 -47.28486  1105.87  4992.92 3.46 2.96 -13.7 -0.418 18.32 19.88 01a58659o0043o
58669.251222  18.962  0.870    94   82 c  0   0.87 199.98060 -47.28486  5222.21  1151.08 3.53 3.09  49.5 -0.359 17.31 18.57 02a58669o0008c
58669.256663  24.424 36.000     1   22 c  0   1.05 199.98060 -47.28486  5199.20  1112.93 3.12 2.64  53.8 -0.367 18.61 19.83 02a58669o0019c
58669.259438  24.387 32.000     1   20 c  0   0.82 199.98060 -47.28486  5253.31  1190.97 3.23 2.63  59.1 -0.368 18.84 20.28 02a58669o0025c
58669.269471 -20.785  0.880   -18   16 c  0   1.26 199.98060 -47.28486  5269.26  1075.29 2.98 2.55  63.1 -0.382 19.09 20.83 02a58669o0046c
58670.247844  21.561 12.158     9  105 c  0   1.18 199.98060 -47.28486  5219.63  1147.80 2.62 2.40  71.7 -0.433 16.77 17.57 02a58670o0025c
58670.253399 -20.748  1.871   -18   34 c  0   1.80 199.98060 -47.28486  5198.98  1113.38 2.55 2.31  74.7 -0.414 17.99 18.91 02a58670o0036c
58670.267255 -20.486  0.673   -23   16 c  0   1.38 199.98060 -47.28486  5253.30  1188.76 2.62 2.34  77.4 -0.398 19.20 20.61 02a58670o0064c
58670.270551 -24.432 26.500    -1   16 c  0   0.98 199.98060 -47.28486  5271.72  1072.71 2.59 2.33  79.9 -0.404 19.21 20.64 02a58670o0071c
58671.252050  21.885  8.469     6   54 c  0   1.67 199.98060 -47.28486  5256.81  1190.31 3.01 2.79  89.2 -0.383 17.60 18.57 02a58671o0035c
58671.261816 -19.436  0.320   -61   20 c  0   0.86 199.98060 -47.28486  5274.56  1071.22 2.83 2.62  87.3 -0.394 18.89 20.17 02a58671o0056c
58875.565506 -20.820  0.947   -17   16 o  0   1.18 199.98060 -47.28486  5456.80  3106.15 3.55 2.97  86.8 -0.328 19.04 20.84 01a58875o0702o
58875.568726  21.477  1.636     9   15 o  0   1.38 199.98060 -47.28486  5437.16  3068.55 3.40 2.84 -87.4 -0.342 19.08 20.83 01a58875o0709o
58875.575195 -20.232  0.523   -29   15 o  0   1.40 199.98060 -47.28486  5493.35  3146.30 3.22 2.72 -87.3 -0.354 19.16 20.85 01a58875o0723o
58875.587867  20.446  0.597    24   14 o  0   1.15 199.98060 -47.28486  5510.60  3029.76 3.33 2.81  89.6 -0.341 19.13 20.87 01a58875o0749o
58927.409206  22.408  4.682     4   18 o  0   0.99 199.98060 -47.28486  1463.44  1277.72 2.95 2.70 -10.4 -0.323 19.06 20.53 01a58927o0008o
58927.414835 -22.379  4.154    -4   17 o  0   1.05 199.98060 -47.28486  1446.39  1237.56 2.69 2.50  13.5 -0.358 19.12 20.59 01a58927o0018o
58927.433034 -21.754  2.490    -7   18 o  0   1.03 199.98060 -47.28486  1501.69  1318.59 2.55 2.41   4.7 -0.375 19.13 20.45 01a58927o0056o
58927.437718 -21.077  1.064   -14   14 o  0   1.24 199.98060 -47.28486  1521.03  1203.09 2.41 2.27  22.3 -0.365 19.21 20.50 01a58927o0065o
58941.449909 -21.379  2.337   -10   24 o  0   0.72 199.98060 -47.28486  1401.28  5631.91 2.28 1.89 -61.1 -0.460 18.94 19.73 02a58941o0471o
58941.453246  20.341  0.796    26   21 o  0   1.10 199.98060 -47.28486  1381.85  5589.29 2.20 1.87 -60.7 -0.463 18.98 19.74 02a58941o0478o
58941.458865  20.610  0.932    21   19 o  0   1.44 199.98060 -47.28486  1441.01  5672.24 2.16 1.89 -59.3 -0.464 18.98 19.74 02a58941o0490o
58941.468651  24.220 29.167     1   22 o  0   1.04 199.98060 -47.28486  1462.53  5556.42 2.29 1.91 -62.9 -0.453 18.93 19.74 02a58941o0511o
58941.477246  20.449  0.854    24   20 o  0   1.19 199.98060 -47.28486  9061.61  1370.33 2.32 1.82 -58.9 -0.469 19.03 19.85 02a58941o0529o
58941.481379  20.570  1.146    22   25 o  0   0.83 199.98060 -47.28486  9043.54  1333.81 2.56 1.83 -55.2 -0.471 19.09 19.87 02a58941o0538o
58941.489242  20.139  0.791    32   25 o  0   0.96 199.98060 -47.28486  9101.05  1410.14 2.55 1.83 -57.4 -0.479 19.08 19.94 02a58941o0554o
58941.493852 -21.112  1.682   -13   22 o  0   0.72 199.98060 -47.28486  9121.39  1293.05 2.31 1.78 -59.3 -0.475 19.16 20.01 02a58941o0564o
58941.497510 -22.508  5.467    -4   20 o  0   1.24 199.98060 -47.28486  1428.22  5614.19 2.20 1.87 -64.7 -0.466 19.08 19.92 02a58941o0572o
58941.503470 -20.015  0.537   -36   19 o  0   1.46 199.98060 -47.28486  9082.91  1354.00 2.41 1.78 -58.2 -0.477 19.17 20.16 02a58941o0585o
58945.470113  19.417  0.780    62   48 o  0   1.37 199.98060 -47.28486  1403.41  5629.65 2.47 1.99  36.6 -0.447 17.86 17.88 02a58945o0006o
58945.473077  18.963  0.500    94   47 o  0   1.21 199.98060 -47.28486  1386.58  5591.72 2.45 2.03  37.2 -0.439 17.80 17.86 02a58945o0012o
58945.480151  19.185  0.660    77   51 o  0   1.28 199.98060 -47.28486  1443.94  5672.74 2.47 2.00  39.1 -0.441 17.75 17.82 02a58945o0027o
58945.483851 -22.684 16.840    -3   52 o  0   1.18 199.98060 -47.28486  9061.01  1374.01 2.16 1.91 -64.8 -0.481 17.95 17.97 02a58945o0035o
58945.486631  19.635  1.042    51   53 o  0   1.34 199.98060 -47.28486  9043.96  1337.64 2.66 1.90 -57.9 -0.474 17.89 17.96 02a58945o0041o
58945.492375 -19.321  0.762   -68   52 o  0   1.28 199.98060 -47.28486  1463.21  5561.09 2.39 2.12  38.6 -0.450 17.71 17.81 02a58945o0053o
58945.493309  19.557  0.780    55   43 o  0   1.44 199.98060 -47.28486  9097.42  1413.21 2.38 2.02 -63.0 -0.449 17.90 17.96 02a58945o0055o
58945.503714  18.857  0.545   104   57 o  0   0.98 199.98060 -47.28486  9118.82  1297.63 2.56 1.91 -60.9 -0.474 17.87 17.92 02a58945o0077o
58973.306827  19.701  0.710    48   34 o  0   1.07 199.98060 -47.28486  8663.89  4908.29 2.41 2.04  36.7 -0.406 18.40 18.64 02a58973o0164o
58973.311477  21.640  3.908     8   31 o  0   1.02 199.98060 -47.28486  8682.70  4946.75 2.31 1.99  33.6 -0.413 18.42 18.65 02a58973o0173o
58973.318982 -21.284  2.857   -11   32 o  0   0.95 199.98060 -47.28486  8626.62  4865.08 2.50 2.03  38.3 -0.405 18.37 18.69 02a58973o0188o
58973.352786  20.431  1.581    24   39 o  0   0.49 199.98060 -47.28486  8602.06  4981.83 2.26 2.14  42.1 -0.419 18.42 18.73 02a58973o0260o
59017.253090  21.019  2.022    14   29 c  0   1.00 199.98060 -47.28486   979.28  5590.43 2.60 2.26  32.9 -0.398 18.37 19.32 02a59017o0023c
59017.256303 -20.870  1.368   -16   22 c  0   1.15 199.98060 -47.28486   960.30  5552.07 2.63 2.27  34.8 -0.391 18.85 19.95 02a59017o0030c
59017.264541 -22.379  3.480    -4   14 c  0   0.96 199.98060 -47.28486  1021.06  5633.31 2.67 2.34  34.8 -0.398 19.24 20.83 02a59017o0048c
59017.264999 -24.641 28.333    -0   14 c  0   0.86 199.98060 -47.28486  3522.68  3156.75 2.80 2.37  45.0 -0.389 19.27 20.90 02a59017o0049c
59017.268691 -22.476  3.652    -4   14 c  0   1.24 199.98060 -47.28486  3503.91  3118.10 2.66 2.37  52.3 -0.393 19.34 20.96 02a59017o0057c
59017.274187  22.200  2.571     5   12 c  0   1.87 199.98060 -47.28486  3561.81  3199.19 2.79 2.37  46.4 -0.387 19.34 20.97 02a59017o0069c
59017.276940  21.323  1.500    11   16 c  0   1.00 199.98060 -47.28486  1043.00  5521.70 2.64 2.34  38.8 -0.400 19.30 20.94 02a59017o0075c
59017.284257 -21.582  1.471    -8   12 c  0   1.57 199.98060 -47.28486  3582.83  3085.93 2.72 2.36  49.4 -0.395 19.34 20.97 02a59017o0091c
59021.252438  20.177  1.208    31   37 c  0   1.54 199.98060 -47.28486  4254.37  5682.75 2.97 2.36  41.9 -0.367 18.03 18.98 02a59021o0021c
59021.255641 -21.690  3.545    -8   27 c  0   0.74 199.98060 -47.28486  4235.18  5643.84 2.93 2.37  42.6 -0.367 18.61 19.68 02a59021o0028c
59021.261147  20.668  0.979    20   19 c  0   1.04 199.98060 -47.28486  4293.29  5722.41 2.93 2.39  41.9 -0.369 18.88 20.36 02a59021o0040c
59021.271700  20.884  0.846    16   14 c  0   1.03 199.98060 -47.28486  4315.48  5609.41 2.88 2.42  42.5 -0.378 19.36 21.11 02a59021o0063c
59025.254738  21.874  6.889     6   44 c  0   1.06 199.98060 -47.28486  4261.68  5680.98 3.60 2.77  41.5 -0.333 17.98 19.04 02a59025o0005c
59029.254585  19.980  0.843    37   31 o  0   1.21 199.98060 -47.28486  1454.39  1253.32 2.06 1.91 -77.5 -0.511 18.32 18.50 02a59029o0024o
59029.257800 -21.226  2.330   -12   27 o  0   1.53 199.98060 -47.28486  1433.59  1213.18 2.08 1.93 -69.8 -0.489 18.56 18.87 02a59029o0031o
59029.267012 -20.646  1.295   -20   26 o  0   1.09 199.98060 -47.28486  1492.14  1295.70 2.05 1.95 -80.2 -0.483 18.70 19.16 02a59029o0051o
59029.280347  21.035  2.144    14   30 o  0   0.78 199.98060 -47.28486  1511.12  1182.38 2.06 1.89 -74.9 -0.488 18.73 19.14 02a59029o0080o
