###MJD          m      dm   uJy   duJy F err chi/N     RA       Dec        x        y     maj  min   phi  apfit mag5sig Sky   Obs
57446.646280 -20.145  4.296   -32  136 o  0   0.96 234.96735 -44.59579  4209.32  1630.22 4.44 3.13 -74.1 -0.447 17.53 18.42 02a57446o0391o
57446.665865 -18.862  1.663  -104  172 o  0   1.25 234.96735 -44.59579  3936.42  1038.09 5.13 3.88  -8.1 -0.431 17.16 17.86 02a57446o0426o
57447.639029 -19.234  2.328   -74  171 o  0   0.85 234.96735 -44.59579  4369.48  1766.34 4.45 3.16 -83.2 -0.412 17.40 18.31 02a57447o0825o
57447.660360 -18.089  0.629  -211  133 o  0   0.92 234.96735 -44.59579  4100.66  1176.58 5.05 4.12 -14.7 -0.413 17.56 18.39 02a57447o0860o
57453.624082 -19.268  0.343   -71   24 c  0   1.05 234.96735 -44.59579  4228.53  1565.41 4.63 3.71  -9.6 -0.486 19.29 21.08 02a57453o0778c
57453.644199 -19.392  0.520   -64   33 c  0   1.11 234.96735 -44.59579  3941.85   981.23 4.10 3.89 -37.4 -0.477 18.94 20.73 02a57453o0813c
57453.652969  23.424 18.000     2   28 c  0   1.14 234.96735 -44.59579   789.19  9987.91 4.30 3.91 -51.9 -0.439 18.86 20.32 02a57453o0828c
57453.665264  17.690  0.859   305  262 c  0   1.15 234.96735 -44.59579  5081.83   401.34 4.84 3.67  -5.9 -0.521 17.36 17.30 02a57453o0848c
57457.612633 -19.484  0.613   -58   36 c  0   1.08 234.96735 -44.59579  4282.24  1510.74 4.17 4.04 -84.4 -0.469 18.76 20.69 02a57457o0773c
57457.634845 -19.323  0.527   -68   36 c  0   1.18 234.96735 -44.59579  4010.06   922.34 4.35 4.08 -35.2 -0.462 18.86 20.71 02a57457o0810c
57457.644721 -19.946  1.098   -38   42 c  0   1.22 234.96735 -44.59579   856.02  9935.16 4.42 3.45 -58.3 -0.488 18.60 20.38 02a57457o0827c
57457.655890 -18.762  0.603  -114   68 c  0   1.43 234.96735 -44.59579  5135.79   346.45 4.63 4.23 -14.1 -0.450 18.27 19.89 02a57457o0847c
57461.600026 -17.670  0.736  -310  228 c  0   1.40 234.96735 -44.59579  6362.83  9081.72 4.31 3.88  86.2 -0.408 17.09 18.76 02a57461o0748c
57461.623582   0.000  0.000     0    0 c  0  -0.00 234.96735 -44.59579   781.52 10025.45 4.00 3.77 -59.9 -0.424 14.97 16.88 02a57461o0789c
57461.626871  18.179 11.000   194 2137 c  0   1.06 234.96735 -44.59579  3958.57  1016.35 5.02 3.88  -9.1 -0.500 15.20 17.05 02a57461o0794c
57461.633236 -20.033  1.000   -35   35 c  0   0.97 234.96735 -44.59579  5079.88   440.59 5.20 4.00  -2.4 -0.486 19.12 20.96 02a57461o0807c
57461.651600  15.569  0.515  2150 1107 c  0   1.15 234.96735 -44.59579   779.43  9924.97 4.40 3.84 -57.6 -0.472 14.49 15.94 02a57461o0835c
57465.582986 -19.211  0.562   -75   42 o  0   0.86 234.96735 -44.59579  4380.37  1369.13 4.89 3.46  -6.1 -0.543 18.77 20.19 02a57465o0736o
57465.599057 -20.779  2.679   -18   48 o  0   1.07 234.96735 -44.59579  4110.79   781.21 5.15 3.48  -7.5 -0.549 18.75 20.18 02a57465o0765o
57465.612904 -20.012  1.056   -36   38 o  0   0.86 234.96735 -44.59579  9915.21 10439.69 4.53 3.65  74.6 -0.477 18.63 20.00 02a57465o0788o
57465.614567  22.189  7.556     5   36 o  0   1.26 234.96735 -44.59579   959.71  9788.97 4.58 3.78 -56.0 -0.478 18.64 20.01 02a57465o0790o
57465.621376 -19.038  0.537   -88   47 o  0   1.31 234.96735 -44.59579  5238.12   200.19 5.27 3.46  -1.1 -0.541 18.77 20.19 02a57465o0804o
57465.633371 -18.881  0.332  -102   34 o  0   1.12 234.96735 -44.59579   768.54  9920.24 4.71 3.74 -56.0 -0.471 18.66 20.05 02a57465o0826o
57465.641751 -19.321  0.706   -68   48 o  0   1.00 234.96735 -44.59579  5063.66   337.84 5.25 3.60  -2.1 -0.547 18.73 20.15 02a57465o0842o
57477.547661 -19.699  0.953   -48   46 o  0   1.03 234.96735 -44.59579  6202.86  9326.54 4.02 3.45 -89.9 -0.507 18.36 19.58 02a57477o0683o
57477.567383 -19.801  1.361   -44   59 o  0   0.89 234.96735 -44.59579  4088.52   749.46 4.95 3.32  -5.5 -0.551 18.38 19.36 02a57477o0718o
57477.574125 -19.408  0.787   -63   49 o  0   1.01 234.96735 -44.59579  9891.30 10417.18 4.40 3.54  78.2 -0.489 18.27 19.19 02a57477o0730o
57477.575916 -22.094  9.500    -5   50 o  0   1.23 234.96735 -44.59579   950.14  9745.40 4.40 3.74 -56.9 -0.478 18.28 19.22 02a57477o0733o
57477.591083 -18.579  0.475  -134   64 o  0   1.12 234.96735 -44.59579  5217.35   155.44 5.12 3.27  -0.1 -0.542 18.40 19.40 02a57477o0761o
57477.599605 -19.323  0.746   -68   50 o  0   1.05 234.96735 -44.59579   760.83  9916.59 4.52 3.77 -54.1 -0.468 18.28 19.22 02a57477o0778o
57477.613083 -20.066  2.019   -34   69 o  0   0.94 234.96735 -44.59579  5055.28   330.44 5.18 3.52  -2.7 -0.542 18.34 19.35 02a57477o0803o
57863.572034 -22.470  9.000    -4   34 c  0   0.93 234.96735 -44.59579  3216.52  2805.98 3.88 3.79 -85.4 -0.402 18.24 19.44 02a57863o0644c
57863.585162  19.286  0.449    70   32 c  0   1.36 234.96735 -44.59579  3204.38  2764.89 3.85 3.81 -89.7 -0.404 18.19 19.36 02a57863o0669c
57922.414756 -15.696  0.712 -1912 1361 o  0   1.09 234.96735 -44.59579  6650.49  9968.90 3.34 3.13 -88.2 -0.431 16.65 17.99 01a57922o0354o
57923.382615 -16.765  0.681  -714  486 o  0   1.24 234.96735 -44.59579  5824.70  1077.55 2.80 2.30  61.9 -0.470 16.04 17.56 02a57923o0273o
57923.391540 -17.376  1.377  -407  560 o  0   1.21 234.96735 -44.59579  5799.86  1037.23 2.79 2.37  64.5 -0.450 15.81 17.28 02a57923o0291o
57923.399939 -20.178  7.529   -31  232 o  0   0.89 234.96735 -44.59579  5871.21  1114.34 2.83 2.33  64.1 -0.464 16.61 18.07 02a57923o0308o
57923.408856  23.695 104.000     1  126 o  0   1.06 234.96735 -44.59579  5886.26   997.91 2.95 2.42  62.8 -0.463 17.06 18.61 02a57923o0326o
57926.376319  22.851  6.231     3   16 o  0   1.68 234.96735 -44.59579  6365.54 10370.16 3.38 3.01 -13.8 -0.473 19.09 20.63 01a57926o0275o
57926.385184 -21.138  1.407   -13   18 o  0   1.44 234.96735 -44.59579  6380.67 10445.60 3.43 3.16 -37.0 -0.475 19.03 20.59 01a57926o0293o
57926.393523 -22.151  3.808    -5   19 o  0   1.11 234.96735 -44.59579  6324.90 10400.90 3.15 2.98 -53.1 -0.489 19.06 20.52 01a57926o0310o
57930.372636 -20.058  0.687   -34   24 o  0   1.27 234.96735 -44.59579  7403.82 10326.60 4.79 3.75 -23.2 -0.413 18.66 20.36 01a57930o0241o
57930.381469 -20.160  0.835   -31   26 o  0   1.20 234.96735 -44.59579  7418.94 10401.92 4.73 3.93 -35.6 -0.435 18.65 20.29 01a57930o0259o
57930.389807  20.243  0.931    29   27 o  0   1.12 234.96735 -44.59579  7361.73 10356.61 4.57 3.66 -32.6 -0.443 18.66 20.27 01a57930o0276o
57930.398635  18.661  8.554   125 1066 o  0   0.01 234.96735 -44.59579  7347.37 10509.09 5.07 4.32 -44.9 -0.398 18.51 20.19 01a57930o0294o
57934.363637 -19.843  0.847   -42   36 o  0   1.31 234.96735 -44.59579  5347.64  7665.08 3.12 3.07 -56.0 -0.449 18.32 19.45 01a57934o0258o
57934.372497  21.613  3.694     8   30 o  0   1.07 234.96735 -44.59579  5376.25  7739.11 3.17 3.08 -43.1 -0.453 18.59 19.79 01a57934o0276o
57934.380856  21.289  2.500    11   28 o  0   1.09 234.96735 -44.59579  5306.29  7695.26 3.24 3.07 -72.9 -0.449 18.68 19.96 01a57934o0293o
57934.389709  20.833  1.427    17   24 o  0   1.25 234.96735 -44.59579  5290.92  7845.96 3.25 3.17 -51.5 -0.448 18.71 20.03 01a57934o0311o
57938.343116 -19.593  1.489   -53   79 o  0   0.91 234.96735 -44.59579  5705.62  7522.81 3.70 2.94 -41.5 -0.499 18.12 18.99 01a57938o0109o
57938.351531  18.904  0.853   100   85 o  0   1.14 234.96735 -44.59579  5735.09  7595.71 4.08 3.18 -27.7 -0.468 18.03 18.96 01a57938o0126o
57938.359945 -19.325  1.185   -68   80 o  0   1.00 234.96735 -44.59579  5664.41  7552.54 3.72 2.94 -43.2 -0.493 18.06 18.91 01a57938o0143o
57938.368337 -19.098  1.031   -83   86 o  0   1.05 234.96735 -44.59579  5651.40  7702.37 3.98 3.16 -43.5 -0.482 17.97 18.90 01a57938o0160o
57950.331146  21.933  6.308     6   39 o  0   0.83 234.96735 -44.59579  5524.78 10494.00 3.60 3.11 -75.6 -0.438 18.32 19.76 01a57950o0185o
57950.347654 -18.653  4.796  -126  602 o  0   0.01 234.96735 -44.59579  5480.98 10520.68 3.71 3.07 -77.7 -0.452 18.87 20.45 01a57950o0219o
57954.324385 -22.305  4.176    -4   18 o  0   1.16 234.96735 -44.59579  6533.87  8861.62 3.85 2.92 -80.1 -0.448 18.96 20.66 01a57954o0233o
57954.333144  20.296  0.740    28   20 o  0   1.16 234.96735 -44.59579  6560.20  8935.61 3.99 3.22 -76.9 -0.431 18.86 20.59 01a57954o0251o
57954.340928 -20.565  0.886   -22   19 o  0   1.43 234.96735 -44.59579  6486.76  8888.33 3.94 3.12 -80.4 -0.436 18.86 20.58 01a57954o0267o
57954.349673  20.369  0.807    26   21 o  0   1.26 234.96735 -44.59579  6468.79  9038.07 4.20 3.27 -81.6 -0.427 18.83 20.57 01a57954o0285o
57956.314720 -20.188  1.182   -30   36 o  0   0.80 234.96735 -44.59579  4525.93  2450.30 2.58 2.32  69.7 -0.448 18.40 19.60 02a57956o0002o
57956.323182  20.154  0.744    32   23 o  0   1.31 234.96735 -44.59579  4512.14  2409.48 2.65 2.35  66.3 -0.439 18.59 20.28 02a57956o0019o
57960.314893  20.938  1.373    15   21 o  0   1.22 234.96735 -44.59579  4732.63   620.97 2.83 2.28  54.5 -0.472 18.91 20.53 02a57960o0138o
57960.323411  19.785  0.593    44   26 o  0   1.51 234.96735 -44.59579  4707.03   580.25 2.85 2.30  56.1 -0.471 18.83 20.34 02a57960o0155o
57960.331389  25.372 88.000     0   23 o  0   1.69 234.96735 -44.59579  4763.69   657.18 2.73 2.29  58.6 -0.504 18.77 20.26 02a57960o0171o
57975.287561  19.889  1.068    40   43 o  0   1.09 234.96735 -44.59579  7145.38  9080.61 3.92 3.10 -77.3 -0.426 18.36 19.44 01a57975o0102o
57979.280288  20.075  0.599    34   20 o  0   1.34 234.96735 -44.59579  6046.13  8355.51 2.89 2.60 -83.9 -0.490 18.93 20.43 01a57979o0085o
57981.249842  20.786  0.952    18   17 c  0   1.33 234.96735 -44.59579  3456.77   168.30 2.90 2.46  48.7 -0.450 19.32 20.61 02a57981o0029c
57981.257337  20.941  0.907    15   14 c  0   1.37 234.96735 -44.59579  3442.49   127.93 2.95 2.56  49.9 -0.432 19.42 20.87 02a57981o0044c
57981.265981 -23.479  9.250    -2   14 c  0   1.55 234.96735 -44.59579  3498.90   205.98 2.99 2.62  50.7 -0.433 19.39 20.94 02a57981o0061c
57981.274473  21.640  2.116     8   17 c  0   1.13 234.96735 -44.59579  3513.48    86.34 2.99 2.58  51.6 -0.433 19.44 20.97 02a57981o0078c
57985.247556  20.984  1.000    15   15 c  0   0.89 234.96735 -44.59579  3867.51  2748.32 2.52 2.32  71.6 -0.404 19.32 20.71 02a57985o0036c
57985.254603  21.311  1.293    11   14 c  0   1.05 234.96735 -44.59579  3854.68  2708.80 2.57 2.37  70.9 -0.403 19.42 21.00 02a57985o0050c
58159.669656 -20.398  8.435   -25  212 o  0   0.97 234.96735 -44.59579  7935.15  8061.92 6.16 4.57 -87.8 -0.296 17.25 18.14 01a58159o0997o
58167.655564 -17.362  0.408  -412  168 o  0   1.19 234.96735 -44.59579  8246.28  7108.15 5.33 3.64 -86.0 -0.345 16.56 18.13 01a58167o0749o
58167.666652  18.243  1.349   183  247 o  0   1.18 234.96735 -44.59579  8223.04  7026.83 4.93 3.89 -84.6 -0.380 16.70 17.80 01a58167o0771o
58167.670097  17.355  0.648   415  269 o  0   0.96 234.96735 -44.59579  2477.11  3213.66 3.57 3.31  80.1 -0.441 15.68 16.56 01a58167o0778o
58183.558716  18.906  0.932    99   93 o  0   0.86 234.96735 -44.59579  9254.84  7356.03 6.38 4.09 -85.8 -0.298 17.87 18.92 01a58183o0732o
58183.565609 -19.182  1.068   -77   82 o  0   1.03 234.96735 -44.59579  9313.03  7409.22 6.36 4.16 -85.1 -0.303 17.88 18.97 01a58183o0747o
58183.571578 -19.418  1.215   -62   75 o  0   1.14 234.96735 -44.59579  9315.63  7273.49 6.31 4.14 -85.5 -0.309 17.87 19.01 01a58183o0760o
58185.534056   0.000  0.000     0    0 o  0  -2.00 234.96735 -44.59579  5540.10 10463.60 2.39 2.05  -5.4 -0.498 18.20 19.24 02a58185o0541o
58185.571547  20.479  2.532    23   59 o  0   1.30 234.96735 -44.59579  9855.97   944.48 2.63 2.34  19.8 -0.502 17.73 19.30 02a58185o0544o
58185.572460 -22.211 11.900    -5   56 o  0   1.04 234.96735 -44.59579  9884.03   984.79 2.68 2.26  15.3 -0.502 17.81 19.34 02a58185o0546o
58185.578719 -19.513  0.874   -57   50 o  0   0.82 234.96735 -44.59579  9802.54  1018.70 2.64 2.27  10.0 -0.499 17.90 19.37 02a58185o0558o
58185.579631 -18.593  0.323  -133   43 o  0   1.38 234.96735 -44.59579  9817.24   902.30 2.63 2.31  17.9 -0.485 17.90 19.35 02a58185o0560o
58185.581456 -18.893  1.318  -101  133 o  0   0.45 234.96735 -44.59579  5552.60 10495.86 2.65 2.08  11.7 -0.478 18.41 19.41 02a58185o0564o
58187.559583 -16.343  1.232 -1054 1299 o  0   0.87 234.96735 -44.59579  7782.59  5450.27 4.72 3.16 -89.2 -0.395 14.93 15.70 01a58187o0732o
58187.566475  13.588  0.923 13324 12302 o  0   1.02 234.96735 -44.59579  7841.65  5503.04 4.74 3.16 -88.8 -0.390 13.06 13.91 01a58187o0747o
58187.639381  18.856  1.238   104  129 o  0   0.91 234.96735 -44.59579  1434.74  9735.76 2.66 2.06  16.9 -0.510 15.77 16.51 02a58187o0866o
58187.640294  18.897  0.768   100   77 o  0   1.15 234.96735 -44.59579  5639.23   119.42 2.80 2.42  28.0 -0.501 17.78 18.68 02a58187o0868o
58187.640751 -21.596  6.091    -8   51 o  0   1.55 234.96735 -44.59579  1407.77  9696.77 2.88 2.26  19.8 -0.489 17.67 18.44 02a58187o0869o
58187.653388 -15.714  1.304 -1880 2452 o  0   1.47 234.96735 -44.59579  1478.99  9776.53 2.43 1.93  13.7 -0.510 13.78 14.22 02a58187o0894o
58187.653844  15.119  0.959  3253 3119 o  0   0.86 234.96735 -44.59579  5627.42    81.75 3.40 2.81  35.4 -0.527 15.55 15.97 02a58187o0895o
58187.656050 -16.455  0.624  -951  593 o  0   1.16 234.96735 -44.59579  5685.89   158.61 2.78 2.40  33.3 -0.527 17.69 18.57 02a58187o0899o
58187.656506  15.708  0.929  1892 1757 o  0   0.17 234.96735 -44.59579  5700.07    40.67 2.76 2.39  30.9 -0.538 18.01 18.77 02a58187o0900o
58187.656962  22.879 63.500     3  163 o  0   1.22 234.96735 -44.59579  1495.33  9657.00 2.69 2.16  17.4 -0.500 15.54 16.32 02a58187o0901o
58187.657417  19.029  2.727    89  242 o  0   1.16 234.96735 -44.59579  1453.09  9714.74 2.69 2.17  16.1 -0.490 14.82 15.30 02a58187o0902o
58193.544838 -20.877  0.742   -16   12 c  0   1.23 234.96735 -44.59579   996.29  3029.85 2.86 2.38  51.4 -0.451 19.34 20.99 02a58193o0681c
58193.551741 -20.625  0.585   -20   12 c  0   1.75 234.96735 -44.59579  1023.17  3067.70 2.86 2.40  51.2 -0.454 19.33 21.00 02a58193o0696c
58193.558635  20.279  0.473    28   13 c  0   1.17 234.96735 -44.59579   952.17  2992.64 3.16 2.56  53.7 -0.440 19.27 20.99 02a58193o0711c
58193.565528 -20.959  0.965   -15   14 c  0   0.96 234.96735 -44.59579   936.18  3110.93 2.97 2.50  54.1 -0.448 19.35 21.03 02a58193o0726c
58197.563336  20.866  0.866    16   14 c  0   1.11 234.96735 -44.59579  3911.65  2943.93 2.77 2.52  46.6 -0.399 19.22 21.09 02a58197o0160c
58219.523684  22.107  3.750     5   20 o  0   1.20 234.96735 -44.59579  6368.00  4346.02 3.56 3.14 -76.4 -0.433 18.78 20.35 01a58219o0153o
58223.484217  20.880  1.316    16   21 o  0   1.03 234.96735 -44.59579  6963.28  4830.51 3.50 3.20  84.8 -0.431 18.63 20.15 01a58223o0366o
58223.495206  21.356  2.088    10   22 o  0   1.04 234.96735 -44.59579  6935.64  4751.26 4.01 3.19  89.8 -0.416 18.62 20.18 01a58223o0390o
58223.502073  16.198  0.778  1205  937 o  0   0.81 234.96735 -44.59579  7010.99  4685.60 3.51 3.13  85.9 -0.420 18.41 20.25 01a58223o0405o
58223.507110  21.814  3.292     7   22 o  0   1.04 234.96735 -44.59579  6979.31  4783.36 3.90 3.19  87.3 -0.410 18.71 20.29 01a58223o0416o
58225.482378 -18.928  0.771   -97   75 c  0   1.14 234.96735 -44.59579  3545.20  3003.75 2.65 2.50  42.5 -0.407 17.35 19.87 02a58225o0557c
58225.492423 -20.476  3.188   -23   75 c  0   1.96 234.96735 -44.59579  3559.33  3041.94 2.80 2.57  54.0 -0.403 17.18 19.78 02a58225o0579c
58225.503858  18.973  0.804    94   75 c  0   1.58 234.96735 -44.59579  3502.31  2965.97 2.63 2.34  71.9 -0.420 17.03 19.55 02a58225o0604c
58225.513440 -19.380  1.514   -64   97 c  0   1.14 234.96735 -44.59579  3472.01  3083.35 2.55 2.27  84.6 -0.423 16.91 19.53 02a58225o0625c
58229.480890 -17.708  0.691  -300  207 o  0   1.17 234.96735 -44.59579  4646.65  5103.04 2.21 2.12  55.1 -0.431 16.07 17.15 02a58229o0466o
58229.491774  18.161  0.938   198  185 o  0   1.40 234.96735 -44.59579  4669.59  5143.74 2.48 2.44  63.5 -0.463 16.84 18.24 02a58229o0489o
58229.493145  19.165  1.106    78   87 o  0   1.07 234.96735 -44.59579  4616.29  5065.68 2.37 2.28  49.1 -0.428 17.20 18.35 02a58229o0492o
58233.478063 -21.853  4.407    -7   29 o  0   0.82 234.96735 -44.59579  1472.15  4893.77 2.17 2.09  57.0 -0.459 18.62 19.35 02a58233o0529o
58233.479887 -22.750  8.231    -3   24 o  0   1.29 234.96735 -44.59579  1486.15  4931.95 2.20 2.02  52.5 -0.473 18.65 19.34 02a58233o0533o
58233.483539 -20.563  1.030   -22   22 o  0   1.44 234.96735 -44.59579  1430.05  4856.04 2.13 2.06  44.5 -0.464 18.65 19.34 02a58233o0541o
58233.493603  21.533  2.720     9   24 o  0   1.22 234.96735 -44.59579  1400.97  4972.46 2.30 2.06  64.2 -0.474 18.58 19.33 02a58233o0563o
58245.447708 -21.244  2.852   -12   33 o  0   0.81 234.96735 -44.59579  1219.72  4535.57 2.07 1.95  51.0 -0.456 18.38 19.23 02a58245o0480o
58245.459025 -21.576  2.732    -8   23 o  0   1.80 234.96735 -44.59579  1245.60  4573.29 2.07 1.99  43.1 -0.445 18.39 19.22 02a58245o0504o
58245.460408  21.429  2.586    10   25 o  0   2.19 234.96735 -44.59579  1177.28  4497.29 2.17 1.95  50.8 -0.472 18.39 19.13 02a58245o0507o
58245.469439 -21.512  2.770    -9   25 o  0   1.86 234.96735 -44.59579  1159.65  4614.49 2.02 1.89  43.4 -0.469 18.31 19.04 02a58245o0526o
58247.446802  14.785  0.967  4427 4281 o  0   1.01 234.96735 -44.59579  8859.70  5103.29 3.77 3.00 -83.8 -0.425 16.38 17.94 01a58247o0201o
58247.448634 -19.952  1.458   -38   55 o  0   1.28 234.96735 -44.59579  8872.57  5136.10 4.21 3.09 -88.5 -0.436 17.63 19.27 01a58247o0205o
58247.457219 -18.535  0.414  -140   58 o  0   0.86 234.96735 -44.59579  1864.82  5157.35 3.43 3.13  69.8 -0.442 17.95 19.43 01a58247o0223o
58247.470018 -17.434  1.198  -386  462 o  0   1.07 234.96735 -44.59579  8910.83  4974.84 3.41 3.06 -88.0 -0.428 16.91 18.47 01a58247o0249o
58250.449061  23.161  6.000     2   12 c  0   1.21 234.96735 -44.59579  5959.13  6272.25 2.67 2.62  20.9 -0.420 19.30 20.96 02a58250o0450c
58250.456272  21.190  0.808    12   10 c  0   1.74 234.96735 -44.59579  6001.78  6309.70 2.70 2.60  44.5 -0.428 19.27 20.95 02a58250o0465c
58250.458098  19.822  0.340    43   14 c  0   1.01 234.96735 -44.59579  5946.82  6232.83 2.75 2.68  61.1 -0.421 19.27 20.97 02a58250o0469c
58250.467123 -22.575  3.316    -3   11 c  0   1.85 234.96735 -44.59579  6031.84  6191.93 2.82 2.71  81.9 -0.411 19.25 20.92 02a58250o0488c
58251.411953 -20.100  0.771   -33   26 o  0   1.15 234.96735 -44.59579  9491.79  5963.82 4.49 3.09 -89.2 -0.445 18.69 20.13 01a58251o0357o
58251.427676  21.864  4.000     6   26 o  0   1.06 234.96735 -44.59579  9442.62  5869.64 4.69 3.06 -87.8 -0.433 18.70 20.09 01a58251o0389o
58251.437334  20.091  0.833    33   28 o  0   1.05 234.96735 -44.59579  9502.75  5908.73 4.59 3.01 -85.0 -0.463 18.71 20.14 01a58251o0409o
58251.445599 -21.877  4.143    -6   27 o  0   1.08 234.96735 -44.59579  9510.20  5761.05 4.34 2.91 -87.9 -0.460 18.75 20.18 01a58251o0426o
58255.428712 -14.710  0.386 -4744 1833 o  0   1.11 234.96735 -44.59579  8917.16  5588.33 4.04 2.92 -86.3 -0.446 13.93 15.80 01a58255o0168o
58255.433108 -17.924  4.176  -246 1026 o  0   0.83 234.96735 -44.59579  1868.35  4761.75 3.09 2.89  81.6 -0.467 14.52 16.28 01a58255o0177o
58255.439522 -17.244  1.190  -459  546 o  0   1.43 234.96735 -44.59579  1818.50  4710.69 3.41 2.87  83.3 -0.452 15.06 16.80 01a58255o0191o
58255.450341 -16.639  0.466  -803  374 o  0   0.89 234.96735 -44.59579  8961.21  5428.62 3.61 3.13 -83.7 -0.420 16.13 17.89 01a58255o0214o
58257.427537 -18.998  0.500   -91   46 c  0   1.20 234.96735 -44.59579  6578.28  6635.14 3.79 2.97  71.0 -0.378 17.81 21.18 02a58257o0421c
58257.439014  22.286  8.000     4   35 c  0   0.95 234.96735 -44.59579  6566.68  6595.39 3.62 2.63  80.5 -0.398 18.18 21.16 02a58257o0446c
58257.447684  20.583  1.645    21   35 c  0   0.86 234.96735 -44.59579  6623.07  6671.59 3.64 2.84  79.0 -0.403 18.28 21.27 02a58257o0465c
58257.454898  20.223  0.894    30   26 c  0   1.33 234.96735 -44.59579  6651.60  6551.25 3.62 2.96  81.0 -0.393 18.35 21.27 02a58257o0480c
58259.428635  22.802  7.800     3   21 o  0   1.04 234.96735 -44.59579  1730.46  4269.37 3.28 2.97  25.0 -0.451 18.68 20.25 01a58259o0428o
58259.437849 -20.438  0.817   -24   20 o  0   1.28 234.96735 -44.59579  1754.94  4344.49 3.12 2.92  75.1 -0.477 18.78 20.38 01a58259o0447o
58259.445175  19.602  0.318    52   17 o  0   1.66 234.96735 -44.59579  1705.69  4297.33 3.17 2.83  85.9 -0.471 18.82 20.35 01a58259o0463o
58259.447005  21.791  2.667     7   19 o  0   1.50 234.96735 -44.59579  1694.48  4421.68 3.01 2.99  77.1 -0.459 18.83 20.35 01a58259o0467o
58261.405879  20.480  0.758    23   18 o  0   1.49 234.96735 -44.59579  3768.85  2869.47 2.32 2.13 -35.9 -0.444 18.79 19.61 02a58261o0396o
58261.418305 -20.822  0.971   -17   16 o  0   1.75 234.96735 -44.59579  6662.49  7541.78 2.32 2.22  -1.8 -0.442 18.79 19.62 02a58261o0422o
58261.429198  20.885  1.096    16   18 o  0   1.48 234.96735 -44.59579  6719.17  7617.04 2.26 2.20  10.4 -0.452 18.79 19.64 02a58261o0445o
58261.439605  22.462  5.345     4   20 o  0   1.53 234.96735 -44.59579  6733.49  7497.33 2.41 2.33 -34.2 -0.415 18.79 19.65 02a58261o0467o
58263.416038  18.224  0.609   186  114 o  0   1.44 234.96735 -44.59579  3054.52  2781.20 3.30 2.91  -1.7 -0.441 16.83 17.75 01a58263o0392o
58263.426117  21.236  6.618    12   77 o  0   1.05 234.96735 -44.59579  3091.55  2859.02 3.01 2.87  -2.2 -0.466 17.30 18.17 01a58263o0414o
58263.435784  21.577  6.276     8   53 o  0   1.27 234.96735 -44.59579  3016.25  2939.97 3.33 2.79  -5.0 -0.460 17.62 18.40 01a58263o0434o
58263.437615 -21.040  3.860   -14   54 o  0   1.06 234.96735 -44.59579  3043.05  2829.91 3.21 2.90  -5.8 -0.455 17.67 18.49 01a58263o0438o
58271.465061  19.696  0.784    48   38 o  0   0.94 234.96735 -44.59579  2518.18  4264.16 3.15 3.01  75.2 -0.459 18.11 19.13 01a58271o0496o
58271.473457  20.026  1.147    36   41 o  0   0.96 234.96735 -44.59579  2530.72  4335.18 3.28 3.00  83.9 -0.455 17.99 19.04 01a58271o0514o
58273.391020 -21.092  5.636   -13   75 o  0   0.94 234.96735 -44.59579  7022.77  6315.11 2.90 2.23  79.2 -0.427 17.13 19.62 02a58273o0334o
58273.406619  20.236  1.145    29   33 o  0   1.98 234.96735 -44.59579  6998.46  6275.01 2.86 2.23  84.3 -0.451 17.99 20.51 02a58273o0368o
58273.413478 -20.146  1.138   -32   36 o  0   0.85 234.96735 -44.59579  7069.48  6351.34 2.66 2.05  84.9 -0.460 18.16 20.56 02a58273o0383o
58273.419424  19.836  0.674    42   28 o  0   1.78 234.96735 -44.59579  7084.27  6233.84 2.65 2.10  86.6 -0.461 18.12 20.30 02a58273o0396o
58274.467258  19.152  0.459    79   36 o  0   1.55 234.96735 -44.59579  7517.32  5966.25 3.14 2.45 -89.1 -0.422 17.93 19.68 02a58274o0469o
58275.387613 -21.565  2.070    -9   18 o  0   1.46 234.96735 -44.59579  4280.40  4607.98 2.79 2.72  48.2 -0.486 18.79 20.28 01a58275o0352o
58275.395473 -21.782  2.459    -7   17 o  0   1.31 234.96735 -44.59579  4301.28  4696.27 2.82 2.76 -82.0 -0.481 18.80 20.33 01a58275o0369o
58275.404228  21.115  1.323    13   17 o  0   1.43 234.96735 -44.59579  4249.43  4635.32 3.03 2.81 -86.8 -0.467 18.82 20.33 01a58275o0388o
58275.411162  20.510  0.870    23   20 o  0   1.18 234.96735 -44.59579  4227.70  4782.28 3.17 2.83 -84.7 -0.468 18.75 20.32 01a58275o0402o
58279.389318 -21.002  1.232   -14   18 o  0   1.15 234.96735 -44.59579  3616.89  3687.98 2.94 2.84  76.1 -0.475 18.86 20.50 01a58279o0328o
58279.397184  20.522  0.832    22   19 o  0   1.23 234.96735 -44.59579  3636.02  3757.76 2.87 2.79  60.1 -0.487 18.86 20.49 01a58279o0345o
58279.405011  20.625  0.915    20   19 o  0   1.04 234.96735 -44.59579  3584.09  3712.45 3.04 2.97  38.6 -0.457 18.79 20.45 01a58279o0362o
58279.417018  25.662 97.000     0   19 o  0   0.83 234.96735 -44.59579  3574.88  3877.02 2.95 2.71  88.9 -0.479 18.80 20.43 01a58279o0388o
58281.388061 -22.567  6.857    -3   23 c  0   1.25 234.96735 -44.59579  8117.99  5744.82 3.24 2.58  80.8 -0.420 18.55 21.28 02a58281o0274c
58281.395887  20.064  0.681    34   23 c  0   1.39 234.96735 -44.59579  8106.35  5707.71 3.34 2.73  83.1 -0.405 18.58 21.30 02a58281o0291c
58281.403688  21.157  2.143    12   27 c  0   0.90 234.96735 -44.59579  8163.11  5783.21 3.26 2.69  86.2 -0.418 18.65 21.27 02a58281o0308c
58281.411511  20.557  1.189    22   26 c  0   1.02 234.96735 -44.59579  8178.68  5665.96 3.16 2.62  86.8 -0.434 18.70 21.23 02a58281o0325c
58283.358470  22.865  5.000     3   13 o  0   1.56 234.96735 -44.59579  4402.66  1123.40 2.42 2.23  49.0 -0.458 19.20 20.52 02a58283o0247o
58283.369694 -20.604  0.655   -21   14 o  0   1.41 234.96735 -44.59579  4432.02  1104.20 2.63 2.34  44.3 -0.447 19.15 20.49 02a58283o0271o
58283.380003  20.956  1.441    15   22 o  0   1.25 234.96735 -44.59579  4365.37  1083.33 2.49 2.29  58.7 -0.442 18.97 20.22 02a58283o0293o
58283.384080 -20.090  0.467   -33   16 o  0   1.57 234.96735 -44.59579  3598.27  4911.88 3.01 3.00  78.6 -0.464 18.83 20.50 01a58283o0294o
58283.390782  21.957  2.675     6   16 o  0   1.16 234.96735 -44.59579  4449.87  1162.64 2.62 2.40  70.6 -0.430 19.08 20.37 02a58283o0316o
58283.391945  21.710  2.211     8   17 o  0   1.77 234.96735 -44.59579  3624.89  4948.88 2.90 2.78 -81.4 -0.489 18.85 20.51 01a58283o0311o
58283.399788  19.746  0.328    46   15 o  0   1.91 234.96735 -44.59579  3564.27  4872.36 2.89 2.82 -73.1 -0.483 18.86 20.47 01a58283o0328o
58283.401018 -21.598  1.783    -8   15 o  0   1.48 234.96735 -44.59579  4355.52  1180.59 2.51 2.33  64.3 -0.433 19.07 20.34 02a58283o0338o
58283.407639  21.325  1.712    11   18 o  0   1.19 234.96735 -44.59579  3537.68  4988.43 3.01 2.87 -87.6 -0.481 18.81 20.45 01a58283o0345o
58283.412210  22.694  5.286     3   16 o  0   1.23 234.96735 -44.59579  4468.14  1063.71 2.56 2.37  67.3 -0.426 19.07 20.26 02a58283o0362o
58283.423341  21.177  1.117    12   14 o  0   2.37 234.96735 -44.59579  4415.27  1123.40 2.43 2.23  82.0 -0.428 19.08 20.20 02a58283o0384o
58283.434279  20.941  1.069    15   16 o  0   1.45 234.96735 -44.59579  4418.22  1122.35 2.44 2.21  75.8 -0.437 19.04 20.14 02a58283o0406o
58283.444620 -21.686  2.172    -8   17 o  0   1.45 234.96735 -44.59579  4420.98  1120.54 2.43 2.21  79.7 -0.430 19.04 20.09 02a58283o0428o
58285.383969 -21.676  1.619    -8   13 c  0   1.50 234.96735 -44.59579  9267.96  5282.84 2.86 2.76  62.9 -0.411 19.37 21.18 02a58285o0307c
58285.391797 -21.844  1.684    -7   11 c  0   1.48 234.96735 -44.59579  9242.22  5246.41 2.78 2.68  72.7 -0.408 19.35 21.14 02a58285o0324c
58285.399728  20.766  0.750    18   13 c  0   1.57 234.96735 -44.59579  9313.50  5321.70 2.75 2.65  89.9 -0.409 19.34 21.11 02a58285o0341c
58285.407552 -20.915  0.824   -16   13 c  0   1.07 234.96735 -44.59579  9329.37  5204.39 2.81 2.67 -84.0 -0.410 19.33 21.09 02a58285o0358c
58287.374118 -20.188  0.660   -30   20 o  0   1.46 234.96735 -44.59579  4476.75  3003.52 3.00 2.50  -2.7 -0.508 18.75 20.19 01a58287o0291o
58287.381986  20.071  0.594    34   20 o  0   1.48 234.96735 -44.59579  4503.57  3039.77 3.04 2.55  -1.8 -0.506 18.71 20.13 01a58287o0308o
58287.389841  22.127  4.421     5   23 o  0   1.14 234.96735 -44.59579  4431.27  2963.69 3.30 2.86   2.5 -0.468 18.59 20.08 01a58287o0325o
58287.397687  21.798  3.500     7   24 o  0   1.08 234.96735 -44.59579  4418.75  3078.56 3.17 2.65  -0.3 -0.482 18.55 20.00 01a58287o0342o
58291.370533  19.972  0.978    37   36 o  0   1.27 234.96735 -44.59579  1230.93  5208.24 2.94 2.77 -19.4 -0.500 18.38 19.35 01a58291o0285o
58291.378393  19.825  0.860    43   37 o  0   0.93 234.96735 -44.59579  1245.54  5245.28 2.74 2.66 -20.1 -0.523 18.36 19.33 01a58291o0302o
58291.386244  19.895  1.017    40   41 o  0   0.74 234.96735 -44.59579  1187.53  5169.95 3.10 3.02 -42.4 -0.485 18.29 19.29 01a58291o0319o
58291.394095 -20.657  2.134   -20   42 o  0   1.22 234.96735 -44.59579  1173.78  5284.71 3.32 3.04 -16.7 -0.459 18.22 19.29 01a58291o0336o
58309.342410 -22.006  2.263    -6   13 c  0   1.17 234.96735 -44.59579  7551.05  4284.61 2.62 2.44 -86.5 -0.411 19.41 21.11 02a58309o0215c
58309.350245  20.886  0.695    16   11 c  0   1.65 234.96735 -44.59579  7526.29  4248.14 2.63 2.45 -76.9 -0.413 19.38 21.07 02a58309o0232c
58309.358078 -20.754  0.688   -18   12 c  0   1.43 234.96735 -44.59579  7597.33  4324.49 2.70 2.49 -83.0 -0.413 19.36 21.00 02a58309o0249c
58309.365913 -23.484  8.889    -2   13 c  0   1.49 234.96735 -44.59579  7613.82  4207.74 2.68 2.47 -85.6 -0.424 19.33 20.93 02a58309o0266c
58311.332907  19.144  0.253    80   20 o  0   1.50 234.96735 -44.59579  1007.38  2870.12 3.35 2.84  -3.9 -0.443 18.82 20.29 01a58311o0180o
58311.340768  20.326  0.777    27   21 o  0   1.08 234.96735 -44.59579  1033.59  2907.16 2.98 2.72  -8.4 -0.469 18.86 20.28 01a58311o0197o
58311.348628  19.454  0.469    60   28 o  0   0.52 234.96735 -44.59579   958.81  2832.34 2.97 2.65  -8.9 -0.459 18.84 20.27 01a58311o0214o
58311.356473  19.401  0.688    63   43 o  0   0.34 234.96735 -44.59579   945.61  2949.18 2.98 2.66  -8.3 -0.484 18.82 20.21 01a58311o0231o
58315.324219 -20.437  0.651   -24   16 o  0   1.71 234.96735 -44.59579  4945.93  3644.43 3.32 2.83  -3.5 -0.449 18.88 20.61 01a58315o0047o
58315.332062  21.146  1.509    13   19 o  0   1.26 234.96735 -44.59579  4958.91  3682.86 3.35 2.93  -5.1 -0.437 18.82 20.60 01a58315o0064o
58315.339455 -21.977  3.000    -6   18 o  0   1.25 234.96735 -44.59579  4901.03  3607.41 3.38 2.97 -11.9 -0.440 18.82 20.59 01a58315o0080o
58315.347297 -21.253  1.844   -11   21 o  0   1.41 234.96735 -44.59579  4873.32  3724.88 3.46 3.09   1.0 -0.463 18.78 20.52 01a58315o0097o
58317.321859 -19.596  2.864   -53  151 c  0   0.14 234.96735 -44.59579  8869.38  6588.92 3.33 2.78 -89.9 -0.412 17.56 20.08 02a58317o0172c
58317.329647 -20.125  1.163   -32   38 c  0   1.04 234.96735 -44.59579  8857.30  6551.54 3.42 2.83 -87.7 -0.398 18.07 20.49 02a58317o0189c
58317.337500  15.565  0.866  2158 1869 c  0   1.29 234.96735 -44.59579  8914.21  6629.05 3.33 2.79 -84.4 -0.429 15.05 17.78 02a58317o0206c
58317.345329 -16.120  0.985 -1294 1274 c  0   1.64 234.96735 -44.59579  8929.17  6512.28 3.49 2.88 -83.1 -0.449 14.50 16.94 02a58317o0223c
58319.317132  21.306 10.333    11  113 o  0   0.92 234.96735 -44.59579  3367.44  4585.07 3.05 2.62   0.1 -0.464 16.84 17.51 01a58319o0170o
58319.324979 -19.289  3.194   -70  223 o  0   0.96 234.96735 -44.59579  3379.97  4623.24 3.09 2.74  -0.5 -0.461 16.30 16.91 01a58319o0187o
58319.332394 -16.248  1.251 -1150 1439 o  0   0.88 234.96735 -44.59579  3320.97  4548.10 3.03 2.71  -1.0 -0.446 15.39 16.48 01a58319o0203o
58319.340232 -16.358  1.802 -1039 1872 o  0   0.97 234.96735 -44.59579  3308.93  4664.74 3.04 2.76   4.2 -0.478 14.60 15.15 01a58319o0220o
58321.309163 -20.970  2.268   -15   34 o  0   0.93 234.96735 -44.59579  7915.82  7270.25 2.34 2.21  87.1 -0.426 18.43 18.94 02a58321o0148o
58321.316573  19.972  0.745    37   28 o  0   1.81 234.96735 -44.59579  7890.55  7232.89 2.35 2.25 -82.5 -0.425 18.36 18.91 02a58321o0164o
58321.324070  19.955  1.006    38   38 o  0   0.89 234.96735 -44.59579  7948.97  7308.91 2.29 2.18  86.7 -0.456 18.39 18.89 02a58321o0180o
58321.331948  20.284  0.909    28   25 o  0   1.62 234.96735 -44.59579  7979.62  7191.84 2.29 2.19 -78.9 -0.440 18.37 18.87 02a58321o0197o
58333.309433  20.206  0.465    30   14 c  0   1.81 234.96735 -44.59579  8936.71  4362.73 2.90 2.76 -84.8 -0.431 19.24 21.00 02a58333o0153c
58337.271273 -21.419  2.192   -10   22 c  0   1.13 234.96735 -44.59579  8715.60  5952.91 3.06 2.55 -83.3 -0.428 18.76 21.22 02a58337o0079c
58337.279252  21.044  1.818    14   25 c  0   1.33 234.96735 -44.59579  8701.95  5916.92 3.24 2.69 -82.9 -0.420 18.71 21.17 02a58337o0096c
58337.287129 -19.635  0.475   -51   24 c  0   0.93 234.96735 -44.59579  8758.84  5974.32 3.20 2.62 -82.8 -0.435 18.71 21.09 02a58337o0113c
58337.295083 -20.728  1.400   -19   26 c  0   1.28 234.96735 -44.59579  8773.97  5858.91 3.31 2.68 -82.4 -0.427 18.59 20.95 02a58337o0130c
58341.263089  20.256  0.578    29   17 c  0   1.08 234.96735 -44.59579  6024.04  6579.02 2.98 2.83 -76.8 -0.372 19.15 20.68 02a58341o0067c
58341.270594 -23.285  9.111    -2   16 c  0   1.25 234.96735 -44.59579  5997.12  6541.69 2.94 2.79 -81.6 -0.392 19.14 20.72 02a58341o0083c
58341.278517 -21.697  1.878    -8   14 c  0   1.58 234.96735 -44.59579  6053.50  6618.79 2.85 2.66 -74.1 -0.392 19.14 20.76 02a58341o0100c
58345.264780  19.371  6.519    65  422 c  0   1.18 234.96735 -44.59579  6000.24  5192.56 3.36 3.16 -69.9 -0.362 16.10 17.44 02a58345o0073c
58345.272770  15.454  0.522  2391 1248 c  0   1.19 234.96735 -44.59579  6028.82  5077.43 3.19 2.87 -63.3 -0.360 14.25 15.64 02a58345o0090c
58511.672659  19.495  1.174    58   68 o  0   1.21 234.96735 -44.59579  5943.51   169.15 3.81 3.50  73.4 -0.418 17.48 18.35 01a58511o0701o
58523.668340  18.887  0.561   101   57 o  0   1.10 234.96735 -44.59579  4283.09  8029.69 4.40 3.32 -86.6 -0.411 18.07 19.10 01a58523o0859o
58523.668800  21.704  7.156     8   54 o  0   1.22 234.96735 -44.59579  4254.73  7991.31 3.53 2.95 -89.6 -0.426 18.12 18.99 01a58523o0860o
58531.670565 -18.199  0.835  -191  159 o  0   1.08 234.96735 -44.59579  8447.11 10302.22 5.07 4.25 -78.2 -0.380 16.96 17.71 01a58531o0998o
58539.655962 -19.861  0.827   -41   34 o  0   1.40 234.96735 -44.59579  4668.48  2568.16 3.24 3.23   6.6 -0.442 18.12 19.31 01a58539o0947o
58543.614156 -20.794  1.080   -18   19 o  0   1.20 234.96735 -44.59579  2998.93  4159.52 3.27 3.15  30.9 -0.465 18.91 20.55 01a58543o0845o
58543.620610  21.906  3.071     6   19 o  0   1.00 234.96735 -44.59579  2984.71  4122.47 3.27 3.08  -5.3 -0.454 18.93 20.57 01a58543o0859o
58543.621529  20.394  0.798    25   20 o  0   0.87 234.96735 -44.59579  3041.09  4200.60 3.54 3.42  30.5 -0.455 18.87 20.57 01a58543o0861o
58543.628009 -20.285  0.707   -28   20 o  0   1.29 234.96735 -44.59579  3052.31  4085.12 3.77 3.58  39.1 -0.453 18.85 20.58 01a58543o0875o
58547.619561  20.308  1.145    27   31 o  0   1.24 234.96735 -44.59579  6125.23  2159.81 3.44 3.30   9.5 -0.434 18.33 19.92 01a58547o0878o
58547.627557 -17.925  6.786  -245 1665 o  0   1.00 234.96735 -44.59579  4387.13  8463.37 3.52 3.44  46.8 -0.452 14.71 16.61 01a58547o0895o
58551.618946  19.983  0.974    37   36 o  0   0.89 234.96735 -44.59579 10318.09 10342.67 3.39 2.89  89.1 -0.504 18.32 19.89 01a58551o0880o
58551.638342  18.814  0.809   108   88 o  0   0.83 234.96735 -44.59579 10291.04 10298.63 3.67 3.11 -87.9 -0.474 18.09 19.74 01a58551o0922o
58551.645260  18.169  0.563   196  110 o  0   1.10 234.96735 -44.59579  1409.20 10513.70 3.53 3.32 -67.8 -0.437 17.94 19.48 01a58551o0937o
58551.654934  18.631  0.375   128   48 o  0   1.16 234.96735 -44.59579  1353.52 10436.78 3.27 3.01 -68.8 -0.466 18.06 19.37 01a58551o0958o
58559.579950  17.981  0.089   233   21 o  0   0.96 234.96735 -44.59579  2773.77  2212.81 3.48 3.23  -3.0 -0.431 18.95 20.52 01a58559o0739o
58559.587032  17.725  0.077   295   23 o  0   1.05 234.96735 -44.59579  7771.64  8306.49 3.48 3.34  79.4 -0.426 18.96 20.96 01a58559o0754o
58559.588728  17.989  0.069   232   16 o  0   1.41 234.96735 -44.59579  2758.54  2175.11 3.60 3.38  -2.3 -0.416 19.07 20.95 01a58559o0757o
58559.596555  18.057  0.082   217   18 o  0   1.36 234.96735 -44.59579  2824.28  2139.59 3.91 3.67  -4.4 -0.407 18.99 21.03 01a58559o0774o
58571.563866  18.770  0.291   113   33 o  0   1.08 234.96735 -44.59579  9681.94   586.93 3.86 3.76 -55.8 -0.407 18.30 19.95 01a58571o0679o
58571.576771  18.351  0.147   166   24 o  0   1.38 234.96735 -44.59579  9695.67   624.61 3.62 3.33 -14.9 -0.421 18.48 20.03 01a58571o0707o
58571.581834  18.667  0.187   124   23 o  0   1.23 234.96735 -44.59579  2848.68 10397.89 3.59 3.37 -71.2 -0.417 18.73 20.27 01a58571o0718o
58571.586440  19.145  0.302    80   24 o  0   1.21 234.96735 -44.59579  9638.32   544.48 3.80 3.28 -11.8 -0.400 18.57 20.08 01a58571o0728o
58571.591505  18.536  0.159   140   22 o  0   1.38 234.96735 -44.59579  9611.69   662.02 3.47 3.34 -62.5 -0.439 18.60 20.11 01a58571o0739o
58571.593347  18.831  0.192   107   20 o  0   1.71 234.96735 -44.59579  2821.82 10357.87 3.14 3.03 -65.9 -0.445 18.80 20.34 01a58571o0743o
58571.596119  18.582  0.178   134   24 o  0   0.99 234.96735 -44.59579  2879.47 10432.49 3.18 3.06 -66.5 -0.440 18.84 20.35 01a58571o0749o
58571.606712  18.647  0.176   126   22 o  0   1.06 234.96735 -44.59579  2797.61 10475.36 3.19 3.01 -71.7 -0.436 18.84 20.30 01a58571o0772o
58575.567518  18.448  0.123   152   19 o  0   1.46 234.96735 -44.59579  6576.35 10296.16 3.04 2.82 -73.0 -0.491 19.02 20.54 01a58575o0758o
58575.573054  18.923  0.221    98   22 o  0   1.27 234.96735 -44.59579  3952.76   642.01 3.64 2.93 -15.2 -0.404 18.67 20.25 01a58575o0770o
58575.576273  19.092  0.229    84   19 o  0   1.33 234.96735 -44.59579  6605.91 10334.52 3.14 2.90 -79.2 -0.483 18.95 20.48 01a58575o0777o
58575.581811  18.576  0.167   135   22 o  0   1.08 234.96735 -44.59579  3980.93   679.57 3.82 3.33 -14.7 -0.387 18.66 20.24 01a58575o0789o
58575.585037  19.228  0.316    74   23 o  0   0.77 234.96735 -44.59579  6549.31 10255.28 3.27 3.05 -82.7 -0.473 18.94 20.42 01a58575o0796o
58575.590571  18.236  0.107   184   20 o  0   1.36 234.96735 -44.59579  3909.59   602.49 3.78 3.28 -12.7 -0.398 18.70 20.28 01a58575o0808o
58575.595132  18.786  0.191   111   21 o  0   1.54 234.96735 -44.59579  3898.31   719.23 3.48 3.08 -10.5 -0.413 18.73 20.23 01a58575o0816o
58575.596513  18.515  0.162   142   23 o  0   1.32 234.96735 -44.59579  6525.51 10371.19 3.26 2.97 -81.8 -0.472 18.85 20.38 01a58575o0819o
58577.547387  20.901  0.882    16   14 c  0   1.11 234.96735 -44.59579  4691.56  2203.85 2.82 2.68 -89.8 -0.389 19.24 21.14 02a58577o0708c
58577.554887  19.318  0.207    68   14 c  0   0.96 234.96735 -44.59579  5880.62  8383.34 2.74 2.57  63.0 -0.394 19.31 21.12 02a58577o0724c
58577.562393  19.277  0.184    71   13 c  0   1.34 234.96735 -44.59579  4720.67  2241.10 2.84 2.58 -64.0 -0.387 19.24 21.14 02a58577o0740c
58577.576918  19.802  0.296    44   13 c  0   1.47 234.96735 -44.59579  4747.50  2123.07 2.83 2.57 -68.3 -0.387 19.26 21.15 02a58577o0771c
58579.526841  18.702  0.216   120   26 o  0   1.09 234.96735 -44.59579  1454.60  4125.09 4.04 3.80 -11.4 -0.431 18.69 20.29 01a58579o0629o
58579.535785  18.562  0.179   136   24 o  0   1.13 234.96735 -44.59579  9136.36  6455.64 3.58 3.34  10.3 -0.435 18.71 20.37 01a58579o0648o
58579.542692  19.041  0.253    88   22 o  0   1.28 234.96735 -44.59579  9079.06  6376.25 3.44 3.33  22.6 -0.435 18.79 20.51 01a58579o0663o
58581.555710  19.837  0.287    42   12 c  0   1.61 234.96735 -44.59579  2205.94   199.33 2.64 2.34 -80.6 -0.380 19.34 21.15 02a58581o0714c
58581.561221  19.963  0.382    38   14 c  0   1.79 234.96735 -44.59579  4470.30  9952.61 2.63 2.58   8.0 -0.400 19.21 21.00 02a58581o0726c
58581.565359  19.864  0.290    41   12 c  0   1.80 234.96735 -44.59579  2193.25   162.28 2.80 2.32 -64.2 -0.368 19.34 21.15 02a58581o0735c
58581.570872  19.551  0.305    55   17 c  0   1.03 234.96735 -44.59579  4457.33  9914.13 2.86 2.41  41.4 -0.373 19.22 20.99 02a58581o0747c
58581.575013  19.487  0.252    58   15 c  0   0.90 234.96735 -44.59579  2250.20   242.52 3.08 2.43 -58.0 -0.381 19.30 21.15 02a58581o0756c
58581.580530  20.295  0.544    28   15 c  0   1.21 234.96735 -44.59579  4513.37  9994.09 2.96 2.54  41.8 -0.374 19.16 20.98 02a58581o0768c
58581.584668  19.563  0.268    54   14 c  0   1.19 234.96735 -44.59579  2264.07   125.51 3.05 2.47 -55.9 -0.366 19.29 21.15 02a58581o0777c
58581.590169  20.114  0.497    33   16 c  0   1.26 234.96735 -44.59579  4541.98  9876.88 2.97 2.56  49.0 -0.367 19.14 20.97 02a58581o0789c
58583.560310  18.752  0.174   115   20 o  0   0.99 234.96735 -44.59579  2682.95  2636.32 3.27 3.06 -19.3 -0.439 18.79 20.40 01a58583o0605o
58583.570010  18.338  0.112   168   19 o  0   1.21 234.96735 -44.59579  2698.16  2673.93 3.22 3.02 -18.4 -0.438 18.85 20.47 01a58583o0626o
58583.579692  18.688  0.172   122   21 o  0   1.04 234.96735 -44.59579  2640.45  2597.91 3.31 3.12 -19.6 -0.438 18.83 20.39 01a58583o0647o
58583.589375  18.569  0.149   136   20 o  0   1.47 234.96735 -44.59579  2628.99  2712.99 3.52 3.35 -25.9 -0.433 18.65 20.21 01a58583o0668o
58597.463370  19.170  0.587    78   46 o  0   1.18 234.96735 -44.59579  4389.95  8350.56 2.73 2.39  50.4 -0.428 18.22 20.11 02a58597o0519o
58597.473428  19.316  0.493    68   34 o  0   1.81 234.96735 -44.59579  4402.67  8388.65 2.38 2.19  62.5 -0.438 18.23 20.12 02a58597o0541o
58597.481661  19.945  1.126    38   43 o  0   0.96 234.96735 -44.59579  4344.46  8310.45 2.25 2.00  65.6 -0.453 18.24 20.09 02a58597o0559o
58597.486694  19.867  0.897    41   37 o  0   1.62 234.96735 -44.59579  4329.85  8426.26 2.42 2.06  52.9 -0.433 18.20 20.04 02a58597o0570o
58599.498226  19.097  0.272    83   23 o  0   1.08 234.96735 -44.59579 10269.89  2553.64 3.62 3.30  -3.2 -0.428 18.61 20.22 01a58599o0594o
58599.506548  19.883  0.656    40   26 o  0   1.02 234.96735 -44.59579 10298.39  2592.26 3.79 3.42  -2.5 -0.416 18.57 20.17 01a58599o0612o
58599.513002  25.360 103.000     0   27 o  0   1.03 234.96735 -44.59579   688.43  2736.02 3.18 3.04 -19.3 -0.468 18.63 20.13 01a58599o0626o
58599.516230  20.177  0.728    31   22 o  0   1.35 234.96735 -44.59579 10226.27  2511.97 3.29 3.17 -15.8 -0.441 18.68 20.12 01a58599o0633o
58599.518536  19.427  0.470    62   29 o  0   0.84 234.96735 -44.59579   716.74  2772.66 3.13 3.10  -4.5 -0.477 18.65 20.11 01a58599o0638o
58599.527740 -21.169  2.146   -12   26 o  0   0.96 234.96735 -44.59579   644.46  2697.40 3.48 3.18 -10.5 -0.429 18.66 20.08 01a58599o0658o
58599.529580  18.797  0.229   110   25 o  0   0.99 234.96735 -44.59579 10213.21  2627.46 3.53 3.11  -5.5 -0.422 18.63 20.14 01a58599o0662o
58599.533265  19.087  0.348    84   29 o  0   1.73 234.96735 -44.59579   633.46  2814.05 3.09 3.02 -28.0 -0.465 18.68 20.11 01a58599o0670o
58605.522057 -22.470  4.714    -4   18 c  0   1.62 234.96735 -44.59579  9068.96  6008.30 2.94 2.67  46.8 -0.381 19.03 20.81 02a58605o0607c
58605.531810  21.119  1.212    13   16 c  0   1.39 234.96735 -44.59579  9056.56  5970.11 3.04 2.83 -75.2 -0.393 19.00 20.86 02a58605o0628c
58605.542494  23.288  8.429     2   15 c  0   1.54 234.96735 -44.59579  9113.46  6047.07 2.97 2.75 -66.6 -0.395 18.97 20.79 02a58605o0651c
58605.552211  21.368  1.465    10   15 c  0   1.37 234.96735 -44.59579  9128.08  5931.64 2.97 2.74 -66.3 -0.395 19.04 20.87 02a58605o0672c
58607.474195 -16.457  0.292  -948  277 o  0   1.27 234.96735 -44.59579  5682.37  6458.28 6.00 5.69 -17.8 -0.373 16.13 18.34 01a58607o0538o
58607.483407 -16.746  0.314  -727  228 o  0   1.54 234.96735 -44.59579  5627.20  6379.68 4.11 3.59   6.1 -0.383 16.28 17.90 01a58607o0558o
58609.446566  19.995  0.634    36   23 c  0   1.41 234.96735 -44.59579  7754.17  8380.54 3.16 2.81  78.3 -0.394 18.76 21.10 02a58609o0361c
58609.455263  20.270  1.226    28   35 c  0   1.19 234.96735 -44.59579  2790.65  2133.12 3.24 2.76 -87.4 -0.390 18.38 20.85 02a58609o0378c
58609.464092  20.570  1.816    22   39 c  0   1.04 234.96735 -44.59579  2846.32  2211.64 3.19 2.68 -81.4 -0.381 18.29 20.46 02a58609o0395c
58609.473307 -20.172  1.154   -31   36 c  0   1.03 234.96735 -44.59579  2859.68  2093.90 3.20 2.74 -77.8 -0.385 18.29 20.30 02a58609o0412c
58611.413052  19.452  0.333    60   20 o  0   1.53 234.96735 -44.59579  4883.26  8394.63 2.97 2.79  -2.5 -0.461 18.77 20.22 01a58611o0374o
58611.415264  20.538  0.832    22   18 o  0   1.64 234.96735 -44.59579  4863.07  8358.16 3.00 2.76 -12.7 -0.455 18.77 20.22 01a58611o0378o
58611.421270 -21.816  2.735    -7   19 o  0   1.65 234.96735 -44.59579  4925.42  8434.62 2.99 2.81  -4.3 -0.452 18.76 20.26 01a58611o0390o
58611.440183  20.255  0.712    29   20 o  0   1.73 234.96735 -44.59579  4945.99  8320.08 3.20 2.95  -5.5 -0.433 18.71 20.32 01a58611o0426o
58619.393109  19.790  1.325    44   58 o  0   1.00 234.96735 -44.59579  4664.84  6465.16 3.32 2.80 -11.3 -0.412 18.02 18.83 01a58619o0343o
58619.396332  19.745  1.132    46   52 o  0   1.06 234.96735 -44.59579  4644.85  6428.32 3.18 2.71 -11.3 -0.428 18.04 18.85 01a58619o0350o
58619.405940  21.079  3.699    13   50 o  0   0.95 234.96735 -44.59579  4702.09  6505.88 2.98 2.64  -9.4 -0.452 18.12 18.88 01a58619o0370o
58619.415652  19.760  1.030    45   47 o  0   1.34 234.96735 -44.59579  4721.66  6391.55 3.44 2.91 -11.8 -0.409 17.99 18.90 01a58619o0391o
58625.442057  19.053  0.293    87   25 o  0   1.33 234.96735 -44.59579  1568.62  2524.11 2.18 2.11 -78.0 -0.478 18.69 19.24 02a58625o0435o
58625.445768 -22.466  6.581    -4   25 o  0   0.90 234.96735 -44.59579  1549.12  2484.77 2.37 2.08  46.9 -0.454 18.61 19.22 02a58625o0443o
58625.450826  19.155  0.359    79   28 o  0   0.86 234.96735 -44.59579  1607.74  2564.64 2.32 2.26 -86.5 -0.467 18.52 19.19 02a58625o0454o
58625.460533  20.492  1.085    23   25 o  0   1.36 234.96735 -44.59579  1627.12  2448.66 2.28 2.14  58.4 -0.470 18.54 19.14 02a58625o0475o
58627.346591  20.584  0.930    21   20 o  0   1.00 234.96735 -44.59579  1446.85 10338.50 2.98 2.77 -39.3 -0.513 18.82 20.65 01a58627o0252o
58627.349361 -21.329  1.698   -11   18 o  0   1.46 234.96735 -44.59579  1427.96 10300.20 2.90 2.68 -43.3 -0.520 18.86 20.64 01a58627o0258o
58627.362838  22.582  6.545     3   22 o  0   1.04 234.96735 -44.59579  1491.27 10381.36 3.63 3.39 -50.8 -0.472 18.65 20.59 01a58627o0286o
58627.376366  20.652  1.000    20   20 o  0   1.11 234.96735 -44.59579  1513.74 10263.91 3.12 2.98 -40.9 -0.504 18.79 20.67 01a58627o0314o
58627.379196  20.515  0.787    23   18 o  0   1.42 234.96735 -44.59579  5216.23   150.02 4.05 3.43 -16.5 -0.394 19.02 20.71 01a58627o0320o
58627.392718  20.949  1.756    15   27 o  0   1.01 234.96735 -44.59579  5195.26   110.79 4.56 3.83 -19.9 -0.373 18.82 20.48 01a58627o0348o
58627.395480  19.464  0.399    60   24 o  0   0.94 234.96735 -44.59579  5252.52   190.14 4.20 3.52 -16.7 -0.388 18.90 20.43 01a58627o0354o
58627.407004  23.318 16.600     2   28 o  0   1.09 234.96735 -44.59579  5266.56    71.66 4.34 3.69 -20.7 -0.371 18.74 20.19 01a58627o0378o
58631.345583  21.039  1.437    14   20 o  0   0.87 234.96735 -44.59579  1446.91 10340.48 2.81 2.65 -64.2 -0.533 18.90 20.52 01a58631o0176o
58631.348346  20.077  0.586    34   20 o  0   1.27 234.96735 -44.59579  1427.92 10302.14 2.83 2.68 -69.2 -0.528 18.90 20.51 01a58631o0182o
58631.361661  19.683  0.395    49   19 o  0   1.37 234.96735 -44.59579  1492.92 10382.37 2.93 2.77 -60.1 -0.512 18.85 20.55 01a58631o0210o
58631.367187  21.102  1.250    13   16 o  0   1.86 234.96735 -44.59579  1513.29 10268.12 3.04 2.89 -62.0 -0.491 18.80 20.57 01a58631o0222o
58631.390578  21.304  1.949    11   21 o  0   0.84 234.96735 -44.59579  5210.89   151.20 3.80 3.32 -18.2 -0.409 19.03 20.70 01a58631o0272o
58631.393351  19.599  0.368    52   19 o  0   1.09 234.96735 -44.59579  5190.05   113.30 3.76 3.33 -15.4 -0.410 19.02 20.71 01a58631o0278o
58631.402784  19.352  0.274    66   18 o  0   1.30 234.96735 -44.59579  5353.16 10379.41 3.20 3.00 -59.3 -0.474 19.06 20.80 01a58631o0298o
58631.416077  19.428  0.317    62   20 o  0   1.13 234.96735 -44.59579  5338.28 10495.14 3.03 2.80 -66.2 -0.484 19.05 20.71 01a58631o0326o
58633.391514  20.625  0.593    20   12 c  0   1.50 234.96735 -44.59579  2670.35  6525.88 2.44 2.36  32.3 -0.411 19.29 20.98 02a58633o0353c
58633.394257  21.415  1.610    10   16 c  0   0.98 234.96735 -44.59579  2651.60  6487.66 2.57 2.37  38.0 -0.400 19.21 20.94 02a58633o0359c
58633.399289  20.734  0.739    18   14 c  0   1.42 234.96735 -44.59579  2709.74  6565.77 2.75 2.37  40.1 -0.380 19.21 20.92 02a58633o0370c
58633.409353 -20.812  0.968   -17   17 c  0   1.05 234.96735 -44.59579  2731.82  6451.93 2.57 2.43  44.6 -0.400 19.09 20.86 02a58633o0392c
58635.382243  20.444  0.831    24   20 o  0   1.26 234.96735 -44.59579  9832.00  3908.63 2.97 2.85   3.4 -0.479 18.84 20.48 01a58635o0329o
58635.385006  19.519  0.382    56   22 o  0   1.17 234.96735 -44.59579  9852.54  3946.90 3.02 2.88  13.3 -0.471 18.84 20.49 01a58635o0335o
58635.390073 -23.211 11.500    -2   22 o  0   1.17 234.96735 -44.59579  9792.29  3867.74 2.97 2.78  -1.3 -0.481 18.88 20.49 01a58635o0346o
58635.399776  20.880  1.169    16   19 o  0   1.52 234.96735 -44.59579  9774.41  3982.14 2.87 2.85 -52.0 -0.492 18.94 20.49 01a58635o0367o
58637.334692 -23.063  5.786    -2   12 c  0   1.34 234.96735 -44.59579  4531.68  5934.15 2.75 2.35  41.7 -0.377 19.35 21.12 02a58637o0217c
58637.346275  20.215  0.410    30   12 c  0   1.36 234.96735 -44.59579  4547.59  5971.51 2.60 2.35  41.8 -0.382 19.38 21.14 02a58637o0241c
58637.349019  20.594  0.589    21   12 c  0   1.36 234.96735 -44.59579  4490.38  5896.05 2.63 2.38  39.2 -0.382 19.39 21.15 02a58637o0247c
58637.354054  21.714  1.698     8   13 c  0   1.00 234.96735 -44.59579  4473.67  6010.46 2.48 2.37  54.4 -0.396 19.40 21.17 02a58637o0258c
58641.324948  20.043  0.331    35   12 c  0   1.75 234.96735 -44.59579  4537.37  5936.38 2.69 2.28  40.2 -0.377 19.30 20.85 02a58641o0196c
58641.328150  21.192  1.067    12   13 c  0   1.24 234.96735 -44.59579  4555.92  5973.94 2.45 2.28  46.1 -0.393 19.27 20.85 02a58641o0203c
58641.347386  19.791  0.267    44   12 c  0   2.10 234.96735 -44.59579  4489.53  5898.41 2.73 2.32  42.0 -0.374 19.32 20.94 02a58641o0243c
58641.360939 -20.802  0.651   -17   11 c  0   2.45 234.96735 -44.59579  4467.92  6012.22 2.90 2.31  34.9 -0.369 19.35 21.00 02a58641o0271c
58643.337211  20.638  1.126    20   23 o  0   1.19 234.96735 -44.59579  9224.33  2557.39 3.63 2.81 -11.3 -0.409 18.79 20.10 01a58643o0173o
58643.339977  21.889  3.033     6   19 o  0   1.47 234.96735 -44.59579  9205.00  2520.05 3.31 2.78 -13.2 -0.430 18.88 20.11 01a58643o0179o
58643.345046 -21.424  2.370   -10   23 o  0   1.15 234.96735 -44.59579  9263.09  2595.65 3.22 2.85 -14.8 -0.434 18.87 20.11 01a58643o0190o
58643.366031 -21.657  2.900    -8   23 o  0   1.20 234.96735 -44.59579  9276.90  2475.26 3.68 3.25  -9.5 -0.390 18.81 20.21 01a58643o0234o
58645.365807  20.929  1.256    15   19 o  0   1.18 234.96735 -44.59579  7938.41  4489.68 2.26 2.15  64.7 -0.429 18.78 19.64 02a58645o0288o
58645.368552  20.728  0.994    19   18 o  0   1.80 234.96735 -44.59579  7919.07  4452.28 2.21 2.04  55.2 -0.423 18.83 19.65 02a58645o0294o
58645.373652 -21.709  2.242    -8   17 o  0   2.26 234.96735 -44.59579  7977.33  4527.00 2.29 2.03  47.1 -0.423 18.89 19.65 02a58645o0305o
58645.385108  21.319  2.000    11   22 o  0   1.35 234.96735 -44.59579  7997.26  4413.41 2.27 2.04  49.1 -0.424 18.89 19.65 02a58645o0330o
58647.363732  20.004  1.288    36   47 o  0   1.22 234.96735 -44.59579  1366.18  8036.70 2.99 2.78 -41.9 -0.476 18.21 19.15 01a58647o0224o
58647.367059  20.687  2.942    19   57 o  0   0.88 234.96735 -44.59579  1383.86  8075.08 2.81 2.61 -42.2 -0.505 18.24 19.17 01a58647o0230o
58647.372487  20.286  1.520    28   42 o  0   0.99 234.96735 -44.59579  9251.24  2594.24 3.42 2.81 -10.7 -0.410 18.29 19.27 01a58647o0240o
58647.383399  21.859  8.026     6   53 o  0   1.24 234.96735 -44.59579  1307.64  8116.87 2.75 2.59 -48.4 -0.497 18.33 19.17 01a58647o0258o
58655.366469  19.809  0.606    43   26 o  0   1.37 234.96735 -44.59579  5180.99  7723.16 3.08 2.94 -24.7 -0.437 18.64 19.99 01a58655o0291o
58655.373923  20.379  1.086    26   28 o  0   1.25 234.96735 -44.59579  5123.33  7645.65 3.17 3.01 -21.5 -0.439 18.62 19.93 01a58655o0307o
58655.384596 -22.530  8.250    -4   29 o  0   1.37 234.96735 -44.59579  5106.63  7761.52 3.23 3.03 -12.5 -0.406 18.53 19.79 01a58655o0330o
58657.329388 -21.780  2.786    -7   20 o  0   1.18 234.96735 -44.59579   826.82  8506.86 2.29 1.93  30.4 -0.487 19.06 20.30 02a58657o0181o
58657.332600  21.781  2.418     7   17 o  0   1.69 234.96735 -44.59579   807.71  8467.39 2.28 1.95  35.3 -0.476 19.06 20.32 02a58657o0188o
58657.339102  21.482  2.169     9   20 o  0   1.13 234.96735 -44.59579   868.28  8549.17 2.12 2.05 -33.4 -0.485 19.06 20.26 02a58657o0202o
58657.349649  23.209  6.143     2   12 o  0   3.05 234.96735 -44.59579   891.17  8433.63 2.13 2.10   6.9 -0.479 18.98 20.24 02a58657o0225o
58659.320632 -19.414  0.414   -62   26 o  0   1.14 234.96735 -44.59579  7653.24  2045.90 4.19 3.15 -14.3 -0.406 18.64 20.54 01a58659o0190o
58659.323872 -21.928  4.214    -6   26 o  0   0.78 234.96735 -44.59579  7673.62  2084.77 4.10 3.13 -14.1 -0.402 18.70 20.52 01a58659o0197o
58659.329430 -24.056 23.500    -1   20 o  0   1.38 234.96735 -44.59579  7612.39  2006.30 4.21 3.34 -12.7 -0.390 18.69 20.61 01a58659o0209o
58659.339632 -22.021  3.250    -6   18 o  0   1.18 234.96735 -44.59579  7594.70  2121.28 4.13 3.28 -10.7 -0.392 18.82 20.71 01a58659o0231o
58661.329290 -21.258  1.141   -11   13 c  0   1.26 234.96735 -44.59579  7337.55  2753.00 2.69 2.39  52.0 -0.385 19.32 21.03 02a58661o0150c
58661.332230  23.728 10.250     1   12 c  0   1.04 234.96735 -44.59579  7318.52  2714.36 2.60 2.39  60.3 -0.387 19.40 21.08 02a58661o0156c
58661.338725 -22.706  3.944    -3   12 c  0   1.50 234.96735 -44.59579  7374.95  2792.85 2.87 2.46  48.6 -0.381 19.30 21.03 02a58661o0170c
58661.349012  23.396  7.900     2   13 c  0   1.43 234.96735 -44.59579  7395.80  2677.39 2.69 2.49  66.7 -0.386 19.32 21.02 02a58661o0192c
58663.328249 -17.909  1.051  -249  262 o  0   0.91 234.96735 -44.59579  7653.07  2041.46 3.74 2.94  -9.5 -0.389 16.01 17.66 01a58663o0112o
58663.331568 -17.281  0.460  -444  204 o  0   1.22 234.96735 -44.59579  7673.82  2079.79 3.57 2.86  -8.7 -0.393 15.95 17.62 01a58663o0119o
58663.338976 -18.510  3.600  -143  516 o  0   1.37 234.96735 -44.59579  7612.45  2001.47 3.46 2.87  -9.4 -0.406 15.27 16.88 01a58663o0135o
58665.303250 -20.133  1.591   -32   51 c  0   0.93 234.96735 -44.59579  7343.90  2753.12 3.21 2.70 -88.9 -0.407 18.09 21.06 02a58665o0145c
58667.312842 -20.767  1.086   -18   20 o  0   1.23 234.96735 -44.59579   844.48  6046.87 2.96 2.76 -21.3 -0.458 18.86 20.49 01a58667o0154o
58667.315622  20.842  1.026    17   17 o  0   1.68 234.96735 -44.59579   867.48  6095.00 3.02 2.79 -23.0 -0.453 18.87 20.50 01a58667o0160o
58667.320944  20.894  1.108    16   18 o  0   1.58 234.96735 -44.59579   812.48  6041.78 2.77 2.72  -5.2 -0.486 18.96 20.53 01a58667o0170o
58667.331600  19.980  0.480    37   18 o  0   1.13 234.96735 -44.59579   803.67  6201.36 3.14 2.99 -43.1 -0.431 18.89 20.56 01a58667o0193o
58669.248731  18.823  1.197   107  128 c  0   0.81 234.96735 -44.59579  3973.94  4209.63 3.94 3.08  36.3 -0.364 16.87 17.96 02a58669o0003c
58669.254178  20.328  1.307    27   35 c  0   0.83 234.96735 -44.59579  3977.95  4245.97 3.57 2.70  35.9 -0.354 18.19 19.27 02a58669o0014c
58669.265153 -24.445 23.333    -1   14 c  0   1.15 234.96735 -44.59579  3917.02  4167.64 3.40 2.52  36.5 -0.375 19.17 20.82 02a58669o0037c
58669.272887 -21.505  1.638    -9   15 c  0   1.38 234.96735 -44.59579  3895.03  4281.14 3.25 2.46  37.1 -0.381 19.21 20.99 02a58669o0053c
58670.264208  21.323  1.257    11   14 c  0   1.11 234.96735 -44.59579  3952.94  4210.12 2.73 2.27  38.1 -0.389 19.19 20.57 02a58670o0058c
58670.274937  21.827  2.146     7   14 c  0   1.37 234.96735 -44.59579  3971.10  4246.76 2.69 2.25  37.9 -0.386 19.26 20.76 02a58670o0080c
58670.282125  20.831  0.861    17   14 c  0   0.89 234.96735 -44.59579  3910.67  4170.72 2.82 2.23  33.5 -0.384 19.25 20.74 02a58670o0094c
58670.287434  21.753  1.764     7   13 c  0   1.11 234.96735 -44.59579  3889.76  4285.95 2.51 2.23  34.7 -0.397 19.26 20.69 02a58670o0104c
58671.303936 -20.452  0.604   -24   14 c  0   1.04 234.96735 -44.59579  6592.62  6343.66 2.92 2.57  43.4 -0.387 19.15 20.76 02a58671o0146c
58671.307138 -20.084  0.456   -34   15 c  0   0.89 234.96735 -44.59579  6573.10  6305.78 2.98 2.58  42.7 -0.368 19.13 20.77 02a58671o0153c
58671.313146 -21.143  0.986   -13   12 c  0   1.83 234.96735 -44.59579  6632.27  6384.38 3.17 2.58  41.9 -0.368 19.15 20.77 02a58671o0166c
58671.324207 -20.730  0.784   -18   14 c  0   1.13 234.96735 -44.59579  6652.59  6268.32 3.17 2.61  42.5 -0.366 19.09 20.76 02a58671o0190c
58674.286715 -23.435 18.154    -2   28 o  0   0.87 234.96735 -44.59579  7058.16  8086.34 2.32 2.11  43.5 -0.434 18.85 19.61 02a58674o0108o
58674.289645  22.241  4.659     5   22 o  0   1.84 234.96735 -44.59579  3456.73  2423.94 2.27 2.00  44.1 -0.462 18.84 19.61 02a58674o0114o
58674.296303  19.790  0.468    44   21 o  0   1.78 234.96735 -44.59579  3514.50  2504.40 2.20 1.96  44.9 -0.471 18.90 19.61 02a58674o0128o
58674.307793  23.281 11.812     2   21 o  0   1.58 234.96735 -44.59579  3532.55  2390.01 2.27 1.96  47.4 -0.460 18.89 19.59 02a58674o0151o
58675.285848  21.198  2.431    12   29 o  0   1.29 234.96735 -44.59579  3475.65  2470.81 2.98 2.60  46.0 -0.440 18.42 19.22 02a58675o0108o
58675.288801  21.885  4.929     6   32 o  0   1.22 234.96735 -44.59579  3457.15  2432.23 3.32 2.90  43.1 -0.432 18.34 19.20 02a58675o0114o
58675.294974  20.757  1.275    18   23 o  0   1.29 234.96735 -44.59579  3514.25  2511.31 2.47 2.17  43.8 -0.453 18.61 19.21 02a58675o0127o
58675.322865  19.658  0.589    50   29 o  0   0.92 234.96735 -44.59579  3537.19  2394.07 2.48 2.10  44.6 -0.438 18.61 19.17 02a58675o0137o
58679.318457 -19.871  1.143   -41   47 o  0   1.19 234.96735 -44.59579  3662.59  2302.82 3.84 3.21 -12.1 -0.414 17.76 18.59 01a58679o0187o
58679.321283  20.454  2.153    24   51 o  0   1.06 234.96735 -44.59579  3683.79  2340.41 3.86 3.24 -12.3 -0.417 17.75 18.58 01a58679o0193o
58679.327769  22.012  8.190     6   47 o  0   1.43 234.96735 -44.59579  3622.74  2264.18 3.79 3.20 -12.1 -0.416 17.76 18.56 01a58679o0207o
58679.337565  19.949  1.248    38   48 o  0   1.42 234.96735 -44.59579  3604.74  2381.10 3.75 3.15 -14.7 -0.427 17.74 18.52 01a58679o0228o
58685.328268 -17.997  1.412  -230  324 o  0   0.31 234.96735 -44.59579  7139.67    34.32 2.51 2.24 -72.2 -0.445 19.11 20.47 02a58685o0005o
58685.337202 -21.943  3.650    -6   22 o  0   1.37 234.96735 -44.59579  7174.83    74.33 2.56 2.29 -72.6 -0.465 18.97 20.11 02a58685o0024o
58689.243822 -19.725  1.526   -47   71 o  0   0.90 234.96735 -44.59579  7105.92   328.17 2.07 2.01  81.6 -0.516 17.35 17.33 02a58689o0024o
58689.247210  22.700 14.344     3   43 o  0   1.23 234.96735 -44.59579  7125.73   367.90 1.99 1.90  77.8 -0.478 18.10 18.24 02a58689o0031o
58689.256050  20.807  1.000    17   17 o  0   1.46 234.96735 -44.59579  3469.42 10263.62 2.25 2.11  44.8 -0.444 18.94 20.05 02a58689o0049o
58689.268396  21.434  1.696    10   16 o  0   1.64 234.96735 -44.59579  3492.87 10149.34 2.30 2.14 -58.2 -0.458 19.10 20.45 02a58689o0075o
58689.304108  19.882  0.405    40   16 o  0   1.42 234.96735 -44.59579  7178.26    67.49 2.23 1.83 -64.4 -0.498 19.23 20.45 02a58689o0149o
58691.241861 -16.763  1.238  -716  886 o  0   0.24 234.96735 -44.59579  2968.79    85.77 5.53 4.00 -17.0 -0.311 17.08 18.41 01a58691o0007o
58691.245080 -19.800  1.137   -44   50 o  0   0.97 234.96735 -44.59579  2989.65   124.29 5.01 3.62 -14.7 -0.308 17.74 19.14 01a58691o0014o
58691.248296 -18.117  0.157  -206   32 o  0 1565.94 234.96735 -44.59579  9126.47 10212.30 2.79 2.65  27.2 -0.525 18.61 19.87 01a58691o0021o
58691.251528  17.054  0.708   548  388 o  0   0.14 234.96735 -44.59579  2927.02    48.32 5.06 3.57 -11.8 -0.311 18.37 20.01 01a58691o0028o
58691.251990 -20.184  0.677   -31   21 o  0   1.07 234.96735 -44.59579  9148.19 10252.13 3.01 2.79  33.2 -0.481 18.76 20.33 01a58691o0029o
58691.259363  20.004  0.478    36   17 o  0   1.43 234.96735 -44.59579  9091.14 10171.90 2.72 2.69  17.3 -0.528 19.02 20.61 01a58691o0045o
58691.261669 -20.604  0.978   -21   20 o  0   1.17 234.96735 -44.59579  2911.43   166.81 4.61 3.57 -12.3 -0.334 18.59 20.36 01a58691o0050o
58691.269623  22.189  3.893     5   19 o  0   1.34 234.96735 -44.59579  9075.01 10288.80 2.67 2.55 -88.4 -0.546 19.10 20.66 01a58691o0067o
58695.253736  20.465  1.017    24   24 o  0   1.31 234.96735 -44.59579  2962.67    85.55 4.41 3.47 -11.1 -0.337 18.66 20.41 01a58695o0034o
58695.256972 -22.150  4.167    -5   21 o  0   0.99 234.96735 -44.59579  2982.75   123.41 4.54 3.68  -9.7 -0.338 18.60 20.56 01a58695o0041o
58695.264362  18.640  0.874   127  111 o  0   0.21 234.96735 -44.59579  2922.35    47.80 4.34 3.63  -9.1 -0.340 18.65 20.63 01a58695o0056o
58695.272599 -20.832  1.179   -17   20 o  0   1.50 234.96735 -44.59579  9122.73 10209.46 3.78 3.50 -88.3 -0.451 18.94 20.84 01a58695o0073o
58695.274508 -21.839  3.000    -7   20 o  0   0.96 234.96735 -44.59579  2900.51   163.96 3.77 3.52  -5.2 -0.402 18.82 20.63 01a58695o0077o
58695.275431  22.242  4.389     5   20 o  0   1.20 234.96735 -44.59579  9141.90 10248.98 3.34 3.25  71.5 -0.477 18.93 20.81 01a58695o0079o
58695.280732  22.004  3.524     6   20 o  0   1.23 234.96735 -44.59579  9082.51 10169.51 3.47 3.37 -81.2 -0.471 19.01 20.81 01a58695o0090o
58695.290523 -19.730  0.437   -46   20 o  0   1.16 234.96735 -44.59579  9066.47 10286.51 3.31 3.26 -79.7 -0.473 19.01 20.85 01a58695o0110o
58703.235777  19.276  3.175    71  225 o  0   0.91 234.96735 -44.59579   912.31   270.81 5.19 4.20 -14.1 -0.320 16.37 17.32 01a58703o0025o
58705.258057  16.049  1.685  1382 2328 c  0   1.03 234.96735 -44.59579  8856.27  8559.85 3.12 2.54  36.9 -0.498 14.04 14.80 02a58705o0065c
58707.234940 -19.457  1.902   -60  114 o  0   1.15 234.96735 -44.59579  5649.07  2159.30 4.21 3.44  -8.4 -0.401 16.88 17.46 01a58707o0027o
58707.238725 -18.160  0.311  -198   62 o  0   1.29 234.96735 -44.59579  5669.69  2197.31 4.02 3.27  -8.8 -0.430 17.60 18.30 01a58707o0035o
58707.245658  18.538  0.320   140   45 o  0   0.97 234.96735 -44.59579  5608.39  2119.19 4.00 3.29  -8.8 -0.438 17.96 18.91 01a58707o0050o
58707.256049  20.121  1.302    32   42 o  0   1.07 234.96735 -44.59579  5590.25  2234.64 4.02 3.36  -9.9 -0.429 17.95 18.97 01a58707o0072o
58711.230185 -17.655  0.678  -315  213 o  0   1.00 234.96735 -44.59579  5650.85  2157.95 4.53 3.69  -9.0 -0.394 16.34 17.23 01a58711o0020o
58711.233411 -18.794  0.697  -110   77 o  0   1.37 234.96735 -44.59579  5671.08  2195.56 4.45 3.50  -8.7 -0.406 17.31 18.15 01a58711o0027o
58711.238935  19.184  0.709    77   55 o  0   0.76 234.96735 -44.59579  5610.11  2118.00 4.43 3.72  -8.0 -0.397 17.74 18.99 01a58711o0039o
58711.250484  19.657  0.837    50   42 o  0   1.34 234.96735 -44.59579  5592.61  2234.34 4.53 3.79 -10.5 -0.419 18.05 19.10 01a58711o0064o
58715.234234  19.792  3.372    44  148 o  0   1.20 234.96735 -44.59579  9033.52  7960.86 3.60 3.41  -2.9 -0.453 17.38 18.25 01a58715o0033o
58715.239816 -20.342  1.342   -26   36 o  0   1.63 234.96735 -44.59579  9053.30  7999.74 3.05 3.03 -81.4 -0.468 18.38 19.43 01a58715o0044o
58715.243046 -20.172  1.058   -31   33 o  0   1.12 234.96735 -44.59579  8995.48  7921.37 3.47 3.18   3.3 -0.429 18.48 19.78 01a58715o0051o
58715.255122 -20.584  1.329   -21   28 o  0   1.05 234.96735 -44.59579  8978.98  8038.21 3.55 3.36   2.9 -0.429 18.54 20.08 01a58715o0076o
58717.237241 -21.961  8.118    -6   48 o  0   1.11 234.96735 -44.59579  9102.39   372.67 2.33 1.94 -68.5 -0.494 18.04 18.43 02a58717o0039o
58717.242672 -21.743  3.313    -7   24 o  0   0.91 234.96735 -44.59579  9084.14   333.90 2.28 1.85 -70.3 -0.462 18.74 19.60 02a58717o0050o
58717.245913 -21.229  1.373   -12   16 o  0   1.95 234.96735 -44.59579  9136.58   411.77 2.22 1.82 -68.3 -0.483 19.02 19.97 02a58717o0057o
58717.257566  19.962  0.529    38   20 o  0   1.41 234.96735 -44.59579  9156.01   294.90 2.18 1.76 -71.3 -0.487 19.11 20.26 02a58717o0081o
58867.664304 -20.030  0.970   -35   34 o  0   0.90 234.96735 -44.59579   155.16  4337.44 3.71 2.84  82.8 -0.314 18.42 19.40 01a58867o0966o
58867.667077  19.435  0.572    61   35 o  0   1.46 234.96735 -44.59579   135.52  4299.39 3.36 2.64  79.9 -0.332 18.25 18.99 01a58867o0972o
58867.670324 -20.536  2.947   -22   65 o  0   1.31 234.96735 -44.59579   193.85  4379.31 3.96 2.97  80.5 -0.300 17.61 18.21 01a58867o0979o
58867.672633 -19.017  1.310   -90  118 o  0   0.88 234.96735 -44.59579   212.96  4263.97 3.77 2.70  81.0 -0.310 17.19 17.52 01a58867o0984o
58871.662979  19.616  0.585    52   30 o  0   0.97 234.96735 -44.59579   152.46  4339.91 4.06 3.36  75.8 -0.310 18.40 19.75 01a58871o0916o
58871.666156  18.619  0.285   130   37 o  0   1.15 234.96735 -44.59579   132.11  4300.28 4.06 3.13  69.5 -0.338 18.26 19.23 01a58871o0922o
58871.668480  19.537  1.077    56   60 o  0   1.39 234.96735 -44.59579   190.60  4380.90 3.98 3.09  76.4 -0.390 17.88 18.62 01a58871o0927o
58871.672141 -19.716  3.257   -47  154 o  0   1.16 234.96735 -44.59579   209.55  4265.85 3.96 3.13  68.6 -0.409 16.90 17.33 01a58871o0934o
58887.613696 -19.698  0.963   -48   46 o  0   0.91 234.96735 -44.59579  4126.82  4724.35 3.51 2.99  80.6 -0.348 17.79 18.62 01a58887o0854o
58887.616531  19.047  0.485    87   42 o  0   1.21 234.96735 -44.59579  4107.73  4685.26 3.47 2.97  86.4 -0.316 17.89 18.64 01a58887o0860o
58887.621647  18.477  0.377   148   56 o  0   1.05 234.96735 -44.59579  4165.42  4764.85 4.86 4.20  80.9 -0.284 17.55 18.67 01a58887o0871o
58887.631523  19.123  0.534    81   44 o  0   1.51 234.96735 -44.59579  4183.14  4648.76 4.45 3.82  83.8 -0.290 17.69 18.73 01a58887o0891o
58887.670566 -19.616  1.230   -52   64 o  0   0.98 234.96735 -44.59579  4145.14  4710.52 4.65 4.08  85.3 -0.267 17.33 18.28 01a58887o0972o
58891.606855 -14.979  1.885 -3700 6975 o  0   0.90 234.96735 -44.59579  1555.06   291.51 3.84 2.49  45.4 -0.402 14.13 14.18 01a58891o0488o
58891.609748  14.796  0.790  4381 3459 o  0   1.11 234.96735 -44.59579  1537.49   254.49 3.24 2.62  71.6 -0.427 13.56 13.67 01a58891o0494o
58891.619636  17.408  1.076   395  425 o  0   0.86 234.96735 -44.59579  1590.90   336.20 3.16 2.67  66.5 -0.433 15.82 16.01 01a58891o0514o
58891.624802 -18.478  1.522  -148  224 o  0   1.46 234.96735 -44.59579  1606.80   220.07 2.87 2.43  67.7 -0.468 16.65 16.95 01a58891o0524o
58891.662648  16.468  8.617   939 8092 o  0   1.02 234.96735 -44.59579  1562.75   284.73 3.63 2.77  39.6 -0.373 13.77 14.07 01a58891o0601o
58895.592641  19.407  0.750    63   47 o  0   0.98 234.96735 -44.59579  1555.62   294.07 4.02 3.49  80.7 -0.375 18.16 20.43 01a58895o0467o
58895.595424 -19.508  0.828   -57   47 o  0   1.08 234.96735 -44.59579  1537.04   255.20 4.46 3.93  88.2 -0.362 18.16 20.48 01a58895o0473o
58895.605567 -19.692  0.756   -48   36 o  0   0.90 234.96735 -44.59579  1591.11   336.49 4.20 3.63  76.8 -0.406 18.46 20.42 01a58895o0494o
58895.616188  19.925  0.712    39   28 o  0   0.87 234.96735 -44.59579  1605.35   219.77 3.19 2.82  66.0 -0.414 18.81 19.98 01a58895o0516o
58903.558229 -20.942  1.323   -15   20 o  0   0.92 234.96735 -44.59579  3423.26   241.88 3.58 3.14  72.4 -0.328 18.89 20.42 01a58903o0739o
58903.560996 -19.639  0.438   -51   22 o  0   0.97 234.96735 -44.59579  3404.15   202.92 3.50 3.04  74.7 -0.372 18.78 20.41 01a58903o0745o
58903.566558 -21.067  1.333   -14   18 o  0   1.22 234.96735 -44.59579  3459.96   283.65 3.34 2.83  75.4 -0.343 18.83 20.45 01a58903o0757o
58903.577659  20.093  0.514    33   17 o  0   1.56 234.96735 -44.59579  3474.96   167.14 3.18 2.90  65.1 -0.332 18.96 20.40 01a58903o0781o
58915.538875 -15.225  4.101 -2950 12098 o  0   1.17 234.96735 -44.59579  1560.72  2504.83 3.33 3.09  60.1 -0.366 12.07 12.01 01a58915o0675o
58915.542642  13.519  0.641 14207 9104 o  0   1.42 234.96735 -44.59579  1618.96  2585.81 3.23 3.06  62.9 -0.367 12.27 12.25 01a58915o0683o
58915.553282  15.804  1.636  1731 2832 o  0   1.02 234.96735 -44.59579  1638.68  2472.63 3.14 2.99  57.5 -0.380 13.83 13.80 01a58915o0705o
58919.522976 -19.899  0.966   -40   38 o  0   0.89 234.96735 -44.59579  1577.74  2540.28 2.72 2.28   1.7 -0.352 18.13 18.44 01a58919o0643o
58919.526215  19.562  0.740    54   40 o  0   0.86 234.96735 -44.59579  1559.70  2502.18 2.71 2.30   2.0 -0.352 18.15 18.46 01a58919o0650o
58919.531337 -22.748 13.500    -3   39 o  0   1.20 234.96735 -44.59579  1617.85  2583.60 2.49 2.20   6.7 -0.370 18.25 18.50 01a58919o0660o
58919.541520  20.546  1.523    22   33 o  0   1.49 234.96735 -44.59579  1637.01  2469.04 2.65 2.25   2.0 -0.352 18.20 18.55 01a58919o0682o
58927.507584 -22.195  3.133    -5   15 o  0   1.75 234.96735 -44.59579  2694.02  6538.26 2.18 2.09  -4.6 -0.413 19.02 20.32 01a58927o0205o
58927.511880 -20.019  0.400   -36   14 o  0   1.46 234.96735 -44.59579  2674.55  6499.63 2.45 2.39   8.8 -0.401 18.92 20.36 01a58927o0213o
58927.524143 -20.154  0.467   -32   15 o  0   1.64 234.96735 -44.59579  2737.54  6580.06 2.52 2.47 -10.6 -0.395 18.99 20.42 01a58927o0238o
58927.532132 -21.976  2.267    -6   13 o  0   1.66 234.96735 -44.59579  2758.89  6465.45 2.56 2.26  88.3 -0.399 18.99 20.46 01a58927o0254o
58929.570997  21.608  1.529     8   13 c  0   1.25 234.96735 -44.59579  5914.37  4091.07 2.63 2.28  35.4 -0.425 19.34 21.15 02a58929o0696c
58929.580100 -21.004  0.809   -14   12 c  0   1.31 234.96735 -44.59579  5935.55  4128.09 2.62 2.26  36.2 -0.425 19.33 21.14 02a58929o0715c
58929.583304  22.497  2.792     4   10 c  0   1.77 234.96735 -44.59579  5877.14  4050.42 2.50 2.24  37.1 -0.441 19.34 21.15 02a58929o0722c
58929.594593 -20.579  0.581   -21   12 c  0   1.61 234.96735 -44.59579  4674.90  6383.37 2.40 2.37  76.5 -0.437 19.32 21.15 02a58929o0746c
58929.649932  19.685  0.854    48   41 c  0   1.18 234.96735 -44.59579  4642.76  6447.99 2.84 2.35  41.7 -0.383 17.96 19.02 02a58929o0861c
58937.618404  19.342  0.692    67   46 c  0   2.00 234.96735 -44.59579  5251.25   165.59 2.63 2.30 -81.8 -0.379 17.92 19.56 02a58937o0166c
58937.622144 -21.646  2.861    -8   23 c  0   1.33 234.96735 -44.59579  5233.03   126.73 2.66 2.26 -71.5 -0.396 18.89 20.64 02a58937o0174c
58941.531503 -20.888  0.949   -16   15 c  0   0.92 234.96735 -44.59579  9849.38  3979.84 2.53 2.36 -66.1 -0.432 19.23 20.84 02a58941o0633c
58941.535170 -21.309  1.234   -11   13 c  0   1.60 234.96735 -44.59579  9870.09  4019.51 2.75 2.28 -67.7 -0.432 19.24 20.85 02a58941o0641c
58941.542240 -20.473  0.567   -24   13 c  0   1.66 234.96735 -44.59579   719.52  6606.13 2.50 2.29 -54.5 -0.438 19.21 20.82 02a58941o0656c
58941.552277 -20.859  0.872   -16   14 c  0   1.96 234.96735 -44.59579   740.28  6492.48 2.45 2.28 -55.7 -0.432 19.21 20.81 02a58941o0677c
58943.484509  19.208  9.146    75  689 o  0   1.00 234.96735 -44.59579  7954.24  4487.25 3.22 3.10   8.2 -0.359 15.10 15.58 01a58943o0068o
58943.514142 -19.421  0.541   -62   34 o  0   1.16 234.96735 -44.59579  7996.92  4522.19 2.88 2.70  70.4 -0.378 18.14 19.01 01a58943o0129o
58943.523042  18.690  1.163   121  141 o  0   1.09 234.96735 -44.59579  8017.64  4406.57 2.83 2.76  84.9 -0.332 16.56 17.29 01a58943o0147o
58945.536168 -19.416  0.613   -62   38 o  0   1.26 234.96735 -44.59579   679.57  6566.38 2.20 1.88 -51.5 -0.465 18.10 18.26 02a58945o0147o
58945.541676 -20.918  2.545   -16   40 o  0   1.04 234.96735 -44.59579   661.07  6526.87 2.16 1.88 -49.0 -0.483 18.12 18.28 02a58945o0159o
58945.544911 -21.368  5.026   -10   52 o  0   1.24 234.96735 -44.59579   720.88  6608.77 2.56 1.87 -58.0 -0.453 18.05 18.27 02a58945o0166o
58945.554744 -19.957  1.033   -38   39 o  0   1.01 234.96735 -44.59579   742.17  6493.45 2.19 1.97 -56.3 -0.465 18.09 18.27 02a58945o0187o
58955.444025 -20.076  0.473   -34   16 o  0   2.09 234.96735 -44.59579  7343.77  2761.28 2.62 2.50 -17.1 -0.360 18.82 20.10 01a58955o0456o
58955.449194 -21.158  1.610   -12   20 o  0   1.02 234.96735 -44.59579  7325.29  2722.89 2.74 2.57 -28.4 -0.355 18.82 20.09 01a58955o0466o
58955.452005 -21.075  1.485   -14   20 o  0   1.14 234.96735 -44.59579  7384.26  2799.80 2.55 2.36 -16.5 -0.360 18.86 20.05 01a58955o0472o
58955.461870  22.306  4.231     4   18 o  0   1.28 234.96735 -44.59579  7404.29  2682.73 2.82 2.58 -17.5 -0.358 18.82 20.06 01a58955o0492o
58959.456514  22.627  6.625     3   21 o  0   1.31 234.96735 -44.59579  7349.55  2757.46 3.11 3.01 -24.0 -0.345 18.65 19.96 01a58959o0481o
58959.459872 -22.196  3.688    -5   18 o  0   1.47 234.96735 -44.59579  7330.68  2720.06 2.71 2.56 -24.4 -0.351 18.79 19.95 01a58959o0488o
58959.467288 -19.986  0.423   -37   16 o  0   1.94 234.96735 -44.59579  7386.48  2793.49 2.55 2.38 -76.0 -0.372 18.82 19.97 01a58959o0503o
58959.479859  19.771  0.387    45   17 o  0   1.38 234.96735 -44.59579  7408.25  2677.34 2.84 2.40 -11.6 -0.341 18.79 19.91 01a58959o0529o
58963.423779 -19.897  6.357   -40  254 o  0   0.81 234.96735 -44.59579  6603.90  6345.48 4.07 4.04 -51.8 -0.414 16.24 17.80 01a58963o0398o
58963.427005 -17.906  0.655  -250  164 o  0   0.82 234.96735 -44.59579  6584.90  6306.75 3.06 2.98 -67.4 -0.326 16.55 17.83 01a58963o0405o
58963.432534  15.701  0.349  1904  664 o  0   1.19 234.96735 -44.59579  6644.39  6384.21 3.27 3.14  86.4 -0.403 15.48 16.81 01a58963o0417o
58963.443160 -18.176  1.760  -195  343 o  0   1.12 234.96735 -44.59579  6667.57  6269.73 2.89 2.85 -32.2 -0.354 15.58 16.79 01a58963o0440o
58971.421871 -21.260  1.789   -11   20 o  0   1.32 234.96735 -44.59579  3476.10  2477.50 2.48 2.23   1.5 -0.393 18.77 19.55 01a58971o0409o
58971.423713 -20.721  1.053   -19   20 o  0   1.34 234.96735 -44.59579  3457.79  2439.68 2.59 2.16  -5.7 -0.375 18.80 19.57 01a58971o0413o
58971.429237 -20.437  0.786   -24   19 o  0   1.29 234.96735 -44.59579  3516.48  2520.31 2.41 2.23   2.8 -0.398 18.89 19.59 01a58971o0425o
58971.439415 -19.608  0.345   -52   18 o  0   1.37 234.96735 -44.59579  3536.29  2407.01 2.49 2.09  -1.4 -0.384 18.88 19.64 01a58971o0447o
58973.421600  19.640  0.617    51   31 o  0   0.81 234.96735 -44.59579   675.24  6226.55 2.27 1.91  22.2 -0.452 18.48 18.94 02a58973o0408o
58973.424835 -19.534  0.399   -56   22 o  0   1.66 234.96735 -44.59579   695.13  6265.37 2.05 1.94 -13.9 -0.457 18.52 18.96 02a58973o0415o
58973.430360 -20.306  1.000   -27   27 o  0   0.89 234.96735 -44.59579   636.86  6188.82 2.22 1.86  19.5 -0.443 18.49 18.97 02a58973o0427o
58973.432190  21.509  3.111     9   28 o  0   1.48 234.96735 -44.59579 10438.95  6241.34 2.27 2.12 -70.9 -0.452 18.55 18.97 02a58973o0431o
58973.434018  19.410  0.484    62   30 o  0   0.83 234.96735 -44.59579 10458.97  6280.50 2.11 2.05  77.8 -0.461 18.60 18.98 02a58973o0435o
58973.436760  20.954  1.626    15   24 o  0   1.60 234.96735 -44.59579 10399.68  6200.27 2.23 2.06 -66.7 -0.475 18.54 18.98 02a58973o0441o
58973.440901 -21.823  3.909    -7   26 o  0   1.41 234.96735 -44.59579   616.95  6303.42 2.00 1.93 -23.9 -0.457 18.59 18.98 02a58973o0450o
58973.442273  23.334 16.143     2   27 o  0   1.11 234.96735 -44.59579 10380.24  6315.44 2.21 2.09  29.4 -0.460 18.54 18.97 02a58973o0453o
58975.391935 -19.225  0.593   -74   44 o  0   1.10 234.96735 -44.59579  3478.91  2480.88 2.38 2.02   3.3 -0.389 18.07 17.99 01a58975o0328o
58975.393781 -19.569  0.775   -54   42 o  0   1.12 234.96735 -44.59579  3459.76  2442.57 2.55 2.10  -2.3 -0.376 18.04 18.00 01a58975o0332o
58975.400267 -20.002  1.310   -36   48 o  0   1.09 234.96735 -44.59579  3517.19  2522.46 2.71 2.24   2.9 -0.366 18.01 18.03 01a58975o0346o
58975.406272  20.983  2.920    15   43 o  0   1.26 234.96735 -44.59579  3535.92  2407.34 2.40 1.98  -6.5 -0.373 18.07 18.05 01a58975o0359o
58979.494571  18.816  0.581   108   63 o  0   1.13 234.96735 -44.59579  3453.34 10504.92 2.53 2.22 -48.7 -0.415 18.06 18.18 01a58979o0560o
58981.456299 -20.434  1.236   -24   30 o  0   1.18 234.96735 -44.59579  6810.84  8282.05 2.71 2.24  39.8 -0.439 18.63 19.44 02a58981o0483o
58981.460455  21.446  2.952    10   28 o  0   1.58 234.96735 -44.59579  6791.17  8244.28 2.69 2.26  40.8 -0.434 18.62 19.45 02a58981o0492o
58981.466883 -19.732  0.595   -46   28 o  0   1.27 234.96735 -44.59579  6852.14  8321.73 2.73 2.25  39.8 -0.437 18.56 19.39 02a58981o0506o
58981.478345 -21.356  3.286   -10   34 o  0   1.31 234.96735 -44.59579  6873.74  8206.45 2.69 2.14  40.0 -0.444 18.66 19.34 02a58981o0531o
58983.499086  19.784  0.727    44   32 o  0   1.09 234.96735 -44.59579  3452.93 10504.04 2.65 2.52 -10.0 -0.399 18.86 19.85 01a58983o0566o
58993.440845 -20.380  0.481   -26   12 c  0   1.45 234.96735 -44.59579  4076.53  4707.89 2.72 2.38  40.4 -0.415 19.32 21.05 02a58993o0154c
58993.444521  23.029  5.154     2   12 c  0   1.27 234.96735 -44.59579  4058.01  4669.60 2.81 2.43  43.6 -0.404 19.28 21.04 02a58993o0162c
58993.452360 -21.917  2.049    -6   13 c  0   1.10 234.96735 -44.59579  4116.53  4749.03 2.54 2.32  51.4 -0.415 19.32 20.99 02a58993o0179c
58993.462515 -21.366  1.109   -10   11 c  0   2.11 234.96735 -44.59579  4137.05  4634.11 2.63 2.36  51.7 -0.420 19.31 20.97 02a58993o0201c
59009.415509  21.501  3.370     9   31 o  0   1.09 234.96735 -44.59579  9522.63 10372.62 2.72 2.42 -53.3 -0.429 18.50 19.11 02a59009o0003o
59009.419632 -20.372  1.120   -26   29 o  0   0.91 234.96735 -44.59579  9501.71 10332.53 2.65 2.08  40.1 -0.486 18.45 19.09 02a59009o0012o
59009.424709 -20.506  1.266   -23   29 o  0   0.99 234.96735 -44.59579  9564.46 10411.37 2.52 2.22  46.1 -0.463 18.47 19.08 02a59009o0023o
59009.430213 -19.698  0.467   -48   22 o  0   2.00 234.96735 -44.59579  3395.40   224.41 2.51 2.36  80.2 -0.425 18.54 19.22 02a59009o0035o
59009.433438  20.752  1.426    18   26 o  0   1.28 234.96735 -44.59579  3376.49   185.07 2.27 2.03  64.9 -0.417 18.60 19.21 02a59009o0042o
59009.437142  20.208  0.925    30   28 o  0   1.54 234.96735 -44.59579  9582.27 10294.44 2.85 2.53  43.5 -0.438 18.32 19.00 02a59009o0050o
59009.444505  21.197  2.630    12   32 o  0   0.91 234.96735 -44.59579  3430.49   266.51 2.44 2.28  74.4 -0.426 18.23 18.93 02a59009o0066o
59009.450963  19.308  1.769    69  122 o  0   1.76 234.96735 -44.59579  3449.78   150.19 2.46 2.25 -70.2 -0.388 16.37 17.34 02a59009o0080o
59011.379061 -21.921  2.041    -6   13 o  0   2.08 234.96735 -44.59579  1527.18 10235.69 1.98 1.81 -67.6 -0.447 19.29 20.61 01a59011o0306o
59011.384592  21.807  1.822     7   12 o  0   2.03 234.96735 -44.59579  1546.76 10273.46 2.13 1.92 -65.3 -0.423 19.27 20.63 01a59011o0318o
59011.388732 -20.933  0.907   -15   14 o  0   1.57 234.96735 -44.59579  1490.24 10197.21 2.14 1.93 -65.0 -0.424 19.30 20.61 01a59011o0327o
59011.402090 -20.641  0.817   -20   16 o  0   1.19 234.96735 -44.59579  1472.10 10314.73 2.36 2.17 -52.0 -0.433 19.11 20.42 01a59011o0356o
59015.367403 -22.793  6.125    -3   17 o  0   1.10 234.96735 -44.59579  1528.00 10236.45 2.29 2.07 -71.6 -0.451 19.18 20.44 01a59015o0281o
59015.371104  23.866 15.250     1   16 o  0   1.49 234.96735 -44.59579  1546.86 10274.68 2.43 2.14 -69.6 -0.429 19.09 20.35 01a59015o0289o
59015.378101 -20.025  0.417   -36   15 o  0   1.44 234.96735 -44.59579  1490.56 10198.01 2.25 1.99 -66.0 -0.444 19.12 20.41 01a59015o0304o
59015.389165 -20.326  0.549   -27   15 o  0   1.82 234.96735 -44.59579  1472.34 10316.52 2.45 2.23 -61.5 -0.410 19.10 20.44 01a59015o0328o
59017.355161 -22.276  3.185    -4   14 c  0   0.88 234.96735 -44.59579  4818.46  8380.82 2.59 2.53  23.8 -0.420 19.31 21.08 02a59017o0245c
59017.358360 -20.772  0.698   -18   12 c  0   1.48 234.96735 -44.59579  4799.33  8342.40 2.82 2.42  39.0 -0.401 19.30 21.09 02a59017o0252c
59017.363877  21.495  1.389     9   13 c  0   1.26 234.96735 -44.59579  4860.01  8420.62 2.76 2.46  39.4 -0.417 19.28 21.09 02a59017o0264c
59017.375771 -21.030  0.936   -14   13 c  0   1.01 234.96735 -44.59579  4883.22  8307.54 2.95 2.45  40.2 -0.400 19.29 21.11 02a59017o0290c
59027.327060  21.935  2.338     6   14 o  0   3.14 234.96735 -44.59579  5352.08 10407.76 2.06 1.95 -31.4 -0.392 19.24 20.27 01a59027o0190o
59027.330286 -20.750  1.120   -18   20 o  0   1.54 234.96735 -44.59579  5371.16 10446.58 2.03 1.93 -38.3 -0.396 19.23 20.26 01a59027o0197o
59027.336730 -20.592  0.656   -21   14 o  0   2.75 234.96735 -44.59579  5314.81 10368.16 2.03 1.92 -28.6 -0.401 19.22 20.26 01a59027o0211o
59027.346954 -20.430  0.697   -24   17 o  0   2.92 234.96735 -44.59579  5297.16 10485.15 2.04 1.89 -29.0 -0.393 19.21 20.28 01a59027o0233o
59029.318202 -20.388  0.794   -25   20 o  0   2.19 234.96735 -44.59579  2655.51  6515.17 2.32 1.84  36.7 -0.470 18.83 19.46 02a59029o0162o
59029.322354  20.612  1.215    21   25 o  0   1.43 234.96735 -44.59579  2636.79  6476.87 2.33 1.84  36.4 -0.467 18.83 19.46 02a59029o0171o
59029.327875 -21.493  2.325    -9   21 o  0   1.59 234.96735 -44.59579  2696.80  6556.55 2.22 1.86  36.3 -0.473 18.85 19.46 02a59029o0183o
59029.341197 -23.431 11.571    -2   18 o  0   1.76 234.96735 -44.59579  2719.09  6443.51 2.25 1.82  36.8 -0.474 18.83 19.47 02a59029o0212o
59031.331331 -19.797  0.561   -44   24 o  0   2.03 234.96735 -44.59579  5353.65 10405.01 2.34 2.20 -17.8 -0.352 18.46 18.77 01a59031o0197o
59031.359756 -19.750  0.663   -46   30 o  0   1.64 234.96735 -44.59579  5373.00 10442.82 2.44 2.23 -11.7 -0.351 18.37 18.73 01a59031o0257o
59031.384693 -20.171  1.306   -31   40 o  0   0.80 234.96735 -44.59579  5314.91 10364.20 2.62 2.49  -7.0 -0.302 18.24 18.64 01a59031o0310o
59037.326356  20.343  0.989    26   26 o  0   1.08 234.96735 -44.59579  6001.00  4610.75 2.69 2.00  41.3 -0.462 18.58 19.16 02a59037o0181o
59037.336540  19.874  0.625    41   26 o  0   1.32 234.96735 -44.59579  5981.90  4575.68 2.74 2.03  40.6 -0.456 18.54 19.07 02a59037o0203o
59037.340213 -21.328  2.868   -11   31 o  0   0.89 234.96735 -44.59579  6039.56  4653.85 2.84 2.18  43.1 -0.435 18.48 19.04 02a59037o0211o
59037.347175  23.013 12.800     2   29 o  0   1.04 234.96735 -44.59579  6059.05  4538.78 2.72 2.13  42.3 -0.453 18.45 19.00 02a59037o0226o
59043.306171 -20.691  0.747   -19   14 o  0   2.84 234.96735 -44.59579  1348.31  7992.20 1.96 1.82 -40.5 -0.408 19.15 20.44 01a59043o0126o
59043.309406  22.948  4.704     2   11 o  0   2.65 234.96735 -44.59579  1368.04  8030.31 1.94 1.79 -36.9 -0.420 19.20 20.46 01a59043o0133o
59043.315951 -20.540  0.495   -22   11 o  0   2.65 234.96735 -44.59579  1311.28  7955.59 1.92 1.76 -41.2 -0.425 19.29 20.59 01a59043o0147o
59043.329801 -20.711  0.496   -19    9 o  0   7.16 234.96735 -44.59579  1295.34  8073.21 1.98 1.80 -39.3 -0.426 19.29 20.50 01a59043o0177o
59047.317156  20.694  2.155    19   41 o  0   0.73 234.96735 -44.59579  1349.76  7987.12 1.98 1.82 -24.2 -0.404 18.53 19.68 01a59047o0050o
59047.320839 -22.543 22.333    -4   78 o  0   1.39 234.96735 -44.59579  1370.42  8025.33 2.09 1.87 -23.6 -0.370 17.31 18.55 01a59047o0058o
59047.326367 -21.283  1.387   -11   16 o  0   1.60 234.96735 -44.59579  1311.53  7950.67 2.12 1.96 -36.1 -0.421 19.04 20.32 01a59047o0070o
59047.338379 -23.831 17.182    -1   18 o  0   1.00 234.96735 -44.59579  1292.59  8068.37 1.99 1.85 -33.2 -0.418 19.16 20.48 01a59047o0096o
59051.297455 -22.049  2.662    -6   15 o  0   2.34 234.96735 -44.59579  5144.43  7680.17 1.91 1.71 -12.4 -0.431 19.26 20.36 01a59051o0128o
59051.301600 -20.734  0.655   -18   12 o  0   2.93 234.96735 -44.59579  5163.94  7718.58 1.85 1.68 -13.8 -0.437 19.31 20.34 01a59051o0137o
59051.307182 -20.552  0.559   -22   12 o  0   2.33 234.96735 -44.59579  5105.74  7641.51 1.96 1.76 -10.8 -0.422 19.26 20.33 01a59051o0149o
59051.317803 -20.321  0.626   -27   17 o  0   1.24 234.96735 -44.59579  5087.64  7757.07 1.86 1.74  -8.5 -0.424 19.26 20.29 01a59051o0172o
59053.256022  20.773  1.431    18   26 c  0   0.94 234.96735 -44.59579   813.23  8499.64 2.47 2.31 -44.5 -0.452 18.77 20.01 02a59053o0034c
59053.259235  19.702  0.399    48   19 c  0   1.01 234.96735 -44.59579   794.02  8458.87 2.49 2.35 -46.6 -0.446 18.95 20.38 02a59053o0041c
59053.264748  21.628  1.980     8   16 c  0   1.70 234.96735 -44.59579   854.65  8541.79 2.47 2.33 -43.9 -0.450 19.07 20.65 02a59053o0053c
59053.276438 -23.258  8.273    -2   15 c  0   1.26 234.96735 -44.59579   878.00  8424.49 2.41 2.37 -44.8 -0.454 19.15 20.80 02a59053o0078c
59055.283139 -20.882  1.175   -16   19 o  0   0.73 234.96735 -44.59579  5138.52  7676.51 2.68 2.56  -3.7 -0.359 18.94 20.21 01a59055o0100o
59055.286822 -20.443  0.673   -24   16 o  0   1.48 234.96735 -44.59579  5157.61  7715.33 2.68 2.54  -0.6 -0.391 18.92 20.19 01a59055o0108o
59055.293269 -20.947  1.099   -15   17 o  0   1.47 234.96735 -44.59579  5099.17  7638.19 3.03 2.95 -80.7 -0.367 18.82 20.18 01a59055o0122o
59055.304328 -20.510  0.822   -23   19 o  0   1.18 234.96735 -44.59579  5081.45  7754.14 3.35 3.26  62.4 -0.352 18.78 20.21 01a59055o0146o
59067.247660 -25.346 69.500    -0   18 o  0   1.50 234.96735 -44.59579 10448.63  6189.72 2.85 2.21   8.2 -0.370 18.86 19.81 01a59067o0034o
59067.249040  21.525  2.064     9   18 o  0   1.06 234.96735 -44.59579   689.87  6280.87 2.46 2.17 -12.2 -0.386 18.94 20.01 01a59067o0037o
59067.250898 -24.981 50.667    -0   19 o  0   0.90 234.96735 -44.59579 10467.55  6229.29 2.74 2.13   8.7 -0.374 19.02 20.16 01a59067o0041o
59067.254588 -19.526  0.341   -56   19 o  0   1.52 234.96735 -44.59579   710.24  6318.11 3.13 2.97 -18.3 -0.350 18.84 20.33 01a59067o0049o
59067.256432  20.349  0.695    26   18 o  0   1.01 234.96735 -44.59579 10407.84  6149.55 3.01 2.62   9.4 -0.351 18.96 20.37 01a59067o0053o
59067.257819 -20.846  1.026   -17   17 o  0   1.19 234.96735 -44.59579   650.49  6244.00 2.78 2.53  -6.0 -0.366 18.98 20.40 01a59067o0056o
59067.267482 -19.732  0.301   -46   14 o  0   1.49 234.96735 -44.59579 10391.18  6264.79 2.89 2.49   8.8 -0.384 19.01 20.44 01a59067o0077o
59067.269338  19.742  0.399    46   18 o  0   1.23 234.96735 -44.59579   633.25  6359.94 3.37 3.09 -43.1 -0.372 18.81 20.41 01a59067o0081o
59069.245435 -20.479  1.088   -23   25 o  0   1.38 234.96735 -44.59579  6582.68  6353.32 2.87 1.98  40.4 -0.445 18.64 19.25 02a59069o0025o
59069.248665  22.444  5.731     4   22 o  0   1.12 234.96735 -44.59579  6563.26  6314.69 2.85 1.97  40.4 -0.457 18.88 19.81 02a59069o0032o
59071.238850 -20.124  1.649   -32   53 o  0   0.87 234.96735 -44.59579 10448.61  6190.68 2.25 2.06  10.5 -0.381 17.97 18.07 01a59071o0020o
59071.242073  20.169  0.773    31   24 o  0   1.87 234.96735 -44.59579 10467.33  6229.29 2.42 1.89   9.0 -0.382 18.50 18.92 01a59071o0027o
59071.245794 -21.179  1.706   -12   21 o  0   1.30 234.96735 -44.59579   689.44  6280.15 2.40 1.99 -15.1 -0.393 18.83 19.66 01a59071o0035o
59071.247640 -20.145  0.696   -32   22 o  0   1.16 234.96735 -44.59579 10407.20  6148.95 2.63 1.96   7.1 -0.398 18.85 19.85 01a59071o0039o
59071.249020 -20.977  1.045   -15   15 o  0   2.03 234.96735 -44.59579   709.13  6317.67 2.28 1.95 -15.8 -0.382 18.98 20.00 01a59071o0042o
59071.254549 -20.470  0.642   -24   15 o  0   1.03 234.96735 -44.59579   650.03  6242.15 2.19 1.90 -19.5 -0.390 19.04 20.20 01a59071o0054o
59071.257780 -20.373  0.625   -26   16 o  0   1.87 234.96735 -44.59579 10388.22  6264.57 2.23 1.90  12.3 -0.417 19.19 20.24 01a59071o0061o
59071.266080 -20.454  0.566   -24   14 o  0   1.42 234.96735 -44.59579   630.86  6358.21 2.18 1.92 -20.1 -0.397 19.13 20.30 01a59071o0079o
59073.243820 -20.355  1.542   -26   40 c  0   0.96 234.96735 -44.59579  6581.43  6355.77 3.08 2.69  47.2 -0.379 18.08 19.39 02a59073o0026c
59073.247509 -25.571 104.000    -0   22 c  0   1.22 234.96735 -44.59579  6561.97  6317.42 3.16 2.83  51.6 -0.364 18.61 20.07 02a59073o0034c
59073.255320 -19.785  0.333   -44   15 c  0   1.50 234.96735 -44.59579  6621.91  6393.89 2.95 2.58  48.8 -0.393 19.10 20.75 02a59073o0051c
59077.239414  19.314  0.782    68   53 c  0   1.12 234.96735 -44.59579  3470.48  2482.36 2.88 2.53  54.4 -0.403 17.54 18.77 02a59077o0021c
59077.242621 -21.199  2.027   -12   24 c  0   2.12 234.96735 -44.59579  3451.17  2442.59 2.67 2.39  54.1 -0.401 18.30 19.54 02a59077o0028c
59077.248242 -20.624  0.855   -20   18 c  0   1.13 234.96735 -44.59579  3508.13  2519.01 2.67 2.46  63.3 -0.395 19.00 20.45 02a59077o0040c
59077.259281 -20.926  1.000   -16   16 c  0   1.13 234.96735 -44.59579  3526.65  2404.37 2.77 2.47  54.7 -0.402 19.13 20.84 02a59077o0064c
59081.236967 -19.720  1.043   -47   49 c  0   1.51 234.96735 -44.59579  3471.52  2483.41 2.88 2.36  46.9 -0.404 17.48 18.77 02a59081o0092c
59081.240181 -20.343  1.013   -26   27 c  0   1.58 234.96735 -44.59579  3452.57  2443.26 2.87 2.43  48.9 -0.400 18.24 19.51 02a59081o0099c
59081.245693 -23.016  7.308    -2   16 c  0   1.34 234.96735 -44.59579  3511.12  2521.86 2.81 2.39  48.9 -0.407 18.88 20.38 02a59081o0111c
