###MJD          m      dm   uJy   duJy F err chi/N     RA       Dec        x        y     maj  min   phi  apfit mag5sig Sky   Obs
58017.337735  20.950  0.966    15   15 c  0   1.28 305.86967 -47.17489  5624.08  1275.15 3.57 3.10  53.8 -0.406 19.23 21.11 02a58017o0128c
58017.345544  20.989  1.050    15   15 c  0   1.07 305.86967 -47.17489  5614.23  1234.79 3.37 2.99  55.8 -0.413 19.30 21.08 02a58017o0145c
58017.353861  21.167  1.173    12   14 c  0   1.46 305.86967 -47.17489  5668.53  1311.86 3.33 2.95  58.3 -0.409 19.32 21.06 02a58017o0163c
58021.343021  20.453  0.603    24   14 c  0   1.21 305.86967 -47.17489  8222.30  2475.26 2.76 2.55  89.4 -0.432 19.40 20.99 02a58021o0275c
58029.313437  19.711  0.891    47   42 o  0   1.11 305.86967 -47.17489  7277.82  1152.38 2.61 2.37  37.6 -0.477 18.22 18.57 02a58029o0249o
58029.320298 -18.703  0.383  -120   46 o  0   0.87 305.86967 -47.17489  7267.50  1112.76 2.65 2.47  33.1 -0.444 18.18 18.54 02a58029o0264o
58029.327657  22.225  9.300     5   44 o  0   1.05 305.86967 -47.17489  7321.69  1188.79 2.52 2.32  33.2 -0.472 18.22 18.51 02a58029o0280o
58033.305081  19.293  1.434    70  100 o  0   0.95 305.86967 -47.17489  6416.51  2353.37 3.20 3.04  51.6 -0.507 17.26 18.80 02a58033o0213o
58245.583411 -20.855  2.319   -16   38 o  0   2.96 305.86967 -47.17489  2019.52  9501.27 2.51 2.21  33.9 -0.491 17.99 18.39 02a58245o0768o
58245.589351  18.801  0.405   110   44 o  0   1.04 305.86967 -47.17489  2032.42  9540.18 2.23 2.02  38.5 -0.505 18.09 18.52 02a58245o0781o
58245.604895 -21.003  2.596   -14   37 o  0   1.29 305.86967 -47.17489  1977.67  9465.62 2.47 2.11  35.4 -0.510 18.29 18.76 02a58245o0815o
58245.605351  18.964  0.361    94   34 o  0   0.75 305.86967 -47.17489  1963.19  9583.31 2.28 2.12  25.8 -0.485 18.33 18.77 02a58245o0816o
58250.582310 -20.487  0.667   -23   16 c  0   1.10 305.86967 -47.17489  5136.66  9146.89 3.28 3.04  69.5 -0.391 19.24 21.09 02a58250o0738c
58250.591006   0.000 21.139    -0   13 c  0   1.39 305.86967 -47.17489  5163.13  9187.03 3.03 2.77  50.9 -0.421 19.38 21.10 02a58250o0757c
58250.607936 -21.749  1.875    -7   14 c  0   1.61 305.86967 -47.17489  5093.80  9111.34 3.20 2.89  46.4 -0.427 19.31 21.05 02a58250o0794c
58250.608391  20.746  0.703    18   13 c  0   1.67 305.86967 -47.17489  5080.35  9228.20 2.97 2.84  74.1 -0.400 19.31 21.04 02a58250o0795c
58255.558217 -21.486  3.889    -9   36 o  0   0.92 305.86967 -47.17489  8181.22   859.52 4.09 3.38  87.7 -0.382 18.19 19.60 01a58255o0448o
58255.566065  19.968  1.100    37   41 o  0   0.95 305.86967 -47.17489  8139.19   796.54 3.62 3.10 -89.9 -0.417 18.12 19.45 01a58255o0465o
58255.573898 -21.562  6.267    -9   54 o  0   1.17 305.86967 -47.17489  8191.94   847.23 3.78 3.14  88.4 -0.416 18.14 19.51 01a58255o0482o
58255.581739 -19.082  0.494   -85   42 o  0   1.03 305.86967 -47.17489  8191.93   703.29 3.87 3.16  86.2 -0.422 18.18 19.60 01a58255o0499o
58257.569463 -20.455  1.138   -24   27 c  0   1.08 305.86967 -47.17489  4547.67  8800.52 2.99 2.84  85.9 -0.406 18.73 21.35 02a58257o0728c
58257.579981 -22.661  8.750    -3   27 c  0   1.05 305.86967 -47.17489  4558.59  8840.55 2.91 2.74  88.8 -0.407 18.77 21.30 02a58257o0751c
58257.589650  19.550  0.483    55   26 c  0   1.34 305.86967 -47.17489  4504.15  8763.47 2.83 2.63  81.3 -0.404 18.73 21.26 02a58257o0772c
58257.590106  19.372  0.414    65   27 c  0   1.44 305.86967 -47.17489  4490.80  8880.13 2.92 2.78 -86.8 -0.397 18.74 21.26 02a58257o0773c
58259.557784 -20.155  0.700   -32   22 o  0   1.06 305.86967 -47.17489  8282.98  1310.38 4.08 3.38  83.2 -0.395 18.79 20.33 01a58259o0705o
58259.565599 -21.351  2.273   -10   24 o  0   0.95 305.86967 -47.17489  8241.89  1245.39 4.03 3.49  86.8 -0.389 18.79 20.30 01a58259o0722o
58259.573403 -19.606  0.419   -52   22 o  0   1.18 305.86967 -47.17489  8296.56  1294.41 4.04 3.43  86.4 -0.396 18.82 20.36 01a58259o0739o
58259.581227 -20.911  1.408   -16   22 o  0   1.02 305.86967 -47.17489  8299.31  1149.57 4.11 3.50 -87.9 -0.389 18.86 20.41 01a58259o0756o
58261.542692 -20.472  0.600   -24   14 o  0   1.30 305.86967 -47.17489  4454.04  7849.51 2.30 2.15 -24.8 -0.456 19.17 20.13 02a58261o0690o
58261.555647 -20.476  0.705   -23   16 o  0   1.14 305.86967 -47.17489  4478.77  7889.03 2.33 2.19 -22.6 -0.448 19.18 20.15 02a58261o0718o
58261.567620 -20.355  0.494   -26   13 o  0   1.04 305.86967 -47.17489  4424.06  7813.05 2.16 2.06 -33.2 -0.472 19.29 20.21 02a58261o0744o
58261.574007 -21.948  2.255    -6   14 o  0   1.34 305.86967 -47.17489  4396.67  7930.86 2.21 2.08 -41.3 -0.451 19.26 20.25 02a58261o0758o
58263.551411 -19.194  0.407   -76   31 o  0   1.31 305.86967 -47.17489  6987.69  2775.60 3.47 3.01 -89.7 -0.412 18.32 19.62 01a58263o0681o
58263.559241 -19.231  0.618   -74   46 o  0   1.07 305.86967 -47.17489  6960.98  2710.64 3.42 3.26  82.3 -0.410 17.86 19.31 01a58263o0698o
58263.567043 -19.123  0.775   -81   63 o  0   1.22 305.86967 -47.17489  7002.96  2760.52 3.17 3.14 -79.0 -0.417 17.68 19.12 01a58263o0715o
58263.574872 -19.554  0.750   -55   41 o  0   1.23 305.86967 -47.17489  7004.20  2616.77 3.24 3.11 -81.4 -0.416 17.67 19.08 01a58263o0732o
58273.533714 -19.046  9.585   -87  838 o  0   1.58 305.86967 -47.17489  4139.37  9101.99 2.13 2.07 -50.0 -0.494 15.68 17.76 02a58273o0640o
58273.545620  20.821  7.744    17  132 o  0   1.55 305.86967 -47.17489  4149.27  9142.47 2.14 2.07  87.7 -0.473 16.86 18.33 02a58273o0666o
58273.552963 -19.879  1.461   -41   59 o  0   0.96 305.86967 -47.17489  4067.54  9183.47 2.12 2.07 -73.5 -0.430 17.56 19.07 02a58273o0682o
58273.554793  18.679  0.400   122   49 o  0   1.13 305.86967 -47.17489  4094.91  9065.25 2.12 1.98 -85.2 -0.479 17.95 19.24 02a58273o0686o
58274.602165  19.481  1.485    59   87 o  0   1.27 305.86967 -47.17489  6821.97   979.56 3.06 2.32  76.7 -0.443 17.77 18.99 02a58274o0745o
58274.602622  20.210  2.792    30   84 o  0   1.23 305.86967 -47.17489  6808.74   999.47 3.02 2.18  75.8 -0.463 17.88 19.00 02a58274o0746o
58274.609011  20.157  2.368    31   74 o  0   0.89 305.86967 -47.17489  6766.69   959.63 3.08 2.35  79.6 -0.438 17.81 19.05 02a58274o0757o
58274.618193  20.106  3.076    33  101 o  0   1.22 305.86967 -47.17489  6847.59  1039.89 3.47 2.73  76.6 -0.420 17.19 18.78 02a58274o0773o
58275.525674  20.546  1.272    22   28 o  0   1.08 305.86967 -47.17489  5808.99   864.09 3.28 3.13   0.3 -0.422 18.59 19.68 01a58275o0647o
58275.527518 -19.976  0.718   -37   27 o  0   1.31 305.86967 -47.17489  5818.29   896.75 3.35 3.13  75.4 -0.410 18.56 19.69 01a58275o0651o
58275.534903 -20.016  0.673   -36   24 o  0   1.24 305.86967 -47.17489  5846.16   909.65 3.23 2.96  84.2 -0.437 18.59 19.74 01a58275o0667o
58275.544123  19.827  0.592    43   25 o  0   1.43 305.86967 -47.17489  5845.49   759.32 3.35 3.19  80.6 -0.423 18.65 19.79 01a58275o0687o
58279.524652  19.701  0.393    48   19 o  0   1.27 305.86967 -47.17489  6449.93  1874.69 3.36 3.05 -89.9 -0.416 18.92 20.32 01a58279o0618o
58279.526034  23.272 11.429     2   20 o  0   1.31 305.86967 -47.17489  6421.39  1831.30 3.48 3.03  88.6 -0.425 18.90 20.32 01a58279o0621o
58279.533396 -23.647 14.400    -1   18 o  0   1.22 305.86967 -47.17489  6465.11  1882.92 3.27 3.21  87.8 -0.420 18.91 20.40 01a58279o0637o
58279.545392  21.152  1.655    13   21 o  0   1.15 305.86967 -47.17489  6476.70  1721.42 3.05 2.90 -78.9 -0.434 18.94 20.39 01a58279o0663o
58281.520635 -22.521  6.083    -4   22 c  0   1.33 305.86967 -47.17489  3080.16  9672.43 2.65 2.45  82.1 -0.423 18.93 21.37 02a58281o0560c
58281.527967  19.911  0.672    39   26 c  0   1.26 305.86967 -47.17489  3104.48  9711.25 2.63 2.40  80.5 -0.428 18.96 21.34 02a58281o0576c
58281.534825  22.230  5.800     5   27 c  0   0.89 305.86967 -47.17489  3050.14  9634.33 2.65 2.38  84.1 -0.419 18.91 21.31 02a58281o0591c
58281.543678 -19.934  0.711   -39   28 c  0   1.54 305.86967 -47.17489  3020.56  9752.43 2.93 2.55 -89.8 -0.408 18.78 21.25 02a58281o0609c
58282.611424  19.357  0.642    66   42 o  0   1.03 305.86967 -47.17489  6811.91   994.45 3.15 2.54  77.1 -0.437 18.31 20.33 02a58282o0705o
58282.611881  19.823  1.089    43   46 o  0   0.92 305.86967 -47.17489  6825.18   974.99 3.10 2.45  79.6 -0.444 18.27 20.28 02a58282o0706o
58282.614623 -18.769  0.518  -113   58 o  0   0.91 305.86967 -47.17489  6772.20   955.66 3.21 2.56  78.1 -0.431 17.99 19.89 02a58282o0712o
58283.520831 -19.973  0.414   -37   15 o  0   1.73 305.86967 -47.17489  6216.13   666.22 3.25 3.13 -21.9 -0.426 19.04 20.48 01a58283o0587o
58283.522673 -20.328  0.711   -27   19 o  0   1.20 305.86967 -47.17489  6230.19   704.35 3.55 3.46 -22.3 -0.407 18.91 20.49 01a58283o0591o
58283.532341 -20.924  1.275   -16   20 o  0   1.11 305.86967 -47.17489  6266.80   743.06 3.74 3.59  71.8 -0.404 18.83 20.50 01a58283o0612o
58283.540190  23.179 11.500     2   22 o  0   0.91 305.86967 -47.17489  6278.19   625.08 3.81 3.75  -8.7 -0.403 18.80 20.50 01a58283o0629o
58283.552879  20.260  0.481    29   14 o  0   1.09 305.86967 -47.17489  3871.20  5795.38 2.25 2.17 -37.4 -0.437 19.21 20.18 02a58283o0656o
58283.564242 -22.509  3.786    -4   14 o  0   1.25 305.86967 -47.17489  3886.84  5775.14 2.30 2.24 -28.5 -0.429 19.20 20.18 02a58283o0679o
58283.573606  21.708  1.721     8   13 o  0   1.50 305.86967 -47.17489  3836.97  5754.12 2.22 2.20 -41.9 -0.440 19.16 20.17 02a58283o0699o
58283.584395  21.508  1.697     9   15 o  0   1.03 305.86967 -47.17489  3917.95  5830.77 2.36 2.30 -68.9 -0.428 19.13 20.15 02a58283o0722o
58283.598111  19.863  0.392    41   16 o  0   1.02 305.86967 -47.17489  3817.11  5842.57 2.32 2.26 -89.8 -0.436 19.11 20.12 02a58283o0750o
58283.610542  20.506  0.969    23   22 o  0   0.99 305.86967 -47.17489  3938.14  5727.37 2.39 2.26 -77.6 -0.432 18.71 19.49 02a58283o0776o
58285.512549 -21.233  1.041   -12   12 c  0   1.71 305.86967 -47.17489  1988.94 10134.33 2.55 2.47  51.9 -0.440 19.48 21.14 02a58285o0584c
58285.523521 -20.349  0.538   -26   14 c  0   1.13 305.86967 -47.17489  1998.95 10177.19 2.79 2.64  39.8 -0.433 19.44 21.13 02a58285o0608c
58285.534976  20.269  0.503    28   14 c  0   1.42 305.86967 -47.17489  1942.13 10101.31 2.77 2.58  43.8 -0.435 19.43 21.15 02a58285o0633c
58285.545060 -20.867  0.713   -16   12 c  0   1.76 305.86967 -47.17489  1924.93 10221.67 2.84 2.67  40.4 -0.421 19.47 21.20 02a58285o0655c
58287.506159 -22.750  7.083    -3   20 o  0   1.53 305.86967 -47.17489  5365.46  2600.57 3.13 2.79  -4.8 -0.455 18.84 20.09 01a58287o0572o
58287.517221 -21.777  2.343    -7   17 o  0   1.86 305.86967 -47.17489  5350.58  2561.11 2.83 2.60  -4.7 -0.475 18.97 20.28 01a58287o0596o
58287.524124  24.780 48.000     0   21 o  0   1.17 305.86967 -47.17489  5427.59  2523.06 3.01 2.74  -6.7 -0.464 18.97 20.38 01a58287o0611o
58287.529190 -19.985  0.531   -37   20 o  0   1.23 305.86967 -47.17489  5402.32  2640.34 2.87 2.54  -6.3 -0.487 19.01 20.47 01a58287o0622o
58291.504151  20.954  1.696    15   26 o  0   0.84 305.86967 -47.17489  8502.93   409.40 3.85 3.57 -77.0 -0.403 18.81 20.26 01a58291o0571o
58291.514315 -19.950  0.721   -38   27 o  0   0.81 305.86967 -47.17489  8473.69   372.71 4.24 3.87 -80.6 -0.391 18.67 20.36 01a58291o0592o
58291.520305  21.475  2.815     9   26 o  0   0.85 305.86967 -47.17489  8539.26   448.02 4.16 3.77 -81.5 -0.376 18.81 20.42 01a58291o0605o
58291.525371  20.171  0.777    31   24 o  0   1.21 305.86967 -47.17489  8551.79   329.29 3.96 3.72 -43.4 -0.390 18.84 20.46 01a58291o0616o
58293.506004 -18.291  0.275  -175   48 o  0   1.23 305.86967 -47.17489  4357.50  8099.70 2.25 1.98 -87.6 -0.481 18.06 19.40 02a58293o0509o
58293.508313 -20.278  1.544   -28   43 o  0   1.66 305.86967 -47.17489  4386.98  8157.01 2.12 1.91 -81.2 -0.473 18.08 19.39 02a58293o0514o
58293.530570  17.738  0.826   292  241 o  0   1.14 305.86967 -47.17489  4313.89  8060.83 2.71 1.94 -78.1 -0.523 17.53 19.04 02a58293o0561o
58293.538984 -18.500  0.434  -144   63 o  0   0.93 305.86967 -47.17489  6153.17  2270.09 2.76 2.35  65.5 -0.432 17.89 20.32 02a58293o0579o
58305.469710  21.707  4.474     8   34 o  0   1.58 305.86967 -47.17489  4952.40  8695.42 2.69 2.48 -81.7 -0.449 18.38 20.38 02a58305o0139o
58305.476566 -20.232  1.316   -29   39 o  0   1.17 305.86967 -47.17489  4967.34  8732.76 2.52 2.30 -82.5 -0.447 18.35 20.28 02a58305o0154o
58305.486177  21.777  9.062     7   64 o  0   1.00 305.86967 -47.17489  4913.73  8652.82 2.52 2.16 -80.9 -0.454 18.25 20.06 02a58305o0175o
58305.487092  19.489  0.956    58   56 o  0   1.44 305.86967 -47.17489  4900.06  8769.26 2.51 2.14 -81.4 -0.455 18.23 20.05 02a58305o0177o
58311.467304 -21.780  3.483    -7   25 o  0   0.78 305.86967 -47.17489  8674.28  2769.89 3.29 3.02 -64.0 -0.425 18.82 20.23 01a58311o0467o
58311.477469  20.423  1.032    25   25 o  0   0.75 305.86967 -47.17489  8653.58  2729.90 3.22 2.90 -67.8 -0.440 18.78 20.23 01a58311o0488o
58311.487197 -20.150  0.817   -32   26 o  0   0.93 305.86967 -47.17489  8721.96  2690.52 3.19 2.90 -33.7 -0.432 18.73 20.25 01a58311o0508o
58311.489291  20.315  0.979    27   27 o  0   1.25 305.86967 -47.17489  1904.08  7785.12 3.25 2.97 -70.6 -0.443 18.71 20.11 01a58311o0512o
58315.454888  20.063  0.684    34   24 o  0   1.32 305.86967 -47.17489  5701.99  8617.99 3.33 3.07 -62.6 -0.421 18.75 20.54 01a58315o0329o
58315.459723 -23.045  9.375    -2   21 o  0   1.26 305.86967 -47.17489  4897.87  1909.89 3.30 3.07   3.3 -0.444 18.90 20.69 01a58315o0339o
58315.469192 -21.695  3.182    -8   24 o  0   0.99 305.86967 -47.17489  5656.63  8577.93 3.60 3.41 -62.7 -0.418 18.83 20.60 01a58315o0359o
58315.481246 -19.601  0.462   -52   24 o  0   1.03 305.86967 -47.17489  5638.67  8694.40 4.07 3.76 -65.0 -0.402 18.86 20.58 01a58315o0384o
58319.464714  22.266  7.600     4   34 o  0   1.27 305.86967 -47.17489  4153.36  9512.66 3.21 2.88 -64.2 -0.461 18.36 19.83 01a58319o0486o
58319.475786  19.710  0.777    47   37 o  0   1.10 305.86967 -47.17489  4127.26  9629.02 3.62 3.09 -77.1 -0.428 18.47 19.94 01a58319o0509o
58321.438146  20.376  2.085    26   54 o  0   1.36 305.86967 -47.17489  3361.11  8252.84 1.94 1.74 -86.8 -0.477 18.20 19.37 02a58321o0424o
58321.439975  21.729  6.781     7   50 o  0   0.93 305.86967 -47.17489  3374.63  8291.29 1.87 1.64 -89.4 -0.485 18.20 19.34 02a58321o0428o
58321.448868 -17.081  0.501  -534  268 o  0   1.92 305.86967 -47.17489  7194.03  2331.59 2.85 2.25  58.4 -0.490 17.36 19.60 02a58321o0447o
58321.456092  20.400  9.186    25  231 o  0   0.96 305.86967 -47.17489  3301.52  8327.24 2.50 1.83 -80.1 -0.507 17.65 19.00 02a58321o0462o
58323.397903  16.762  1.213   717  870 o  0   1.00 305.86967 -47.17489  5108.88  1247.86 3.14 3.07  26.9 -0.598 15.54 16.10 01a58323o0322o
58323.406220  19.550  2.493    55  137 o  0   1.02 305.86967 -47.17489  5093.74  1209.12 3.24 3.15   8.2 -0.448 16.74 17.43 01a58323o0340o
58323.415009  19.055  4.052    87  351 o  0   1.00 305.86967 -47.17489  5147.21  1286.93 3.40 2.91  -2.9 -0.444 15.76 16.23 01a58323o0359o
58331.413862 -18.113  0.747  -206  154 o  0   0.91 305.86967 -47.17489  3889.30  8588.07 3.50 3.34 -59.3 -0.407 17.12 18.36 01a58331o0295o
58331.423987  18.098  0.830   209  174 o  0   1.04 305.86967 -47.17489  3913.63  8623.98 3.65 3.40 -45.6 -0.434 17.23 18.24 01a58331o0317o
58331.435067 -20.039  1.920   -35   67 o  0   1.86 305.86967 -47.17489  3857.09  8547.30 3.70 3.49 -63.3 -0.409 17.91 18.99 01a58331o0340o
58331.445663 -20.051  1.793   -35   62 o  0   1.16 305.86967 -47.17489  3829.67  8663.10 3.56 3.37 -71.8 -0.428 18.22 19.37 01a58331o0363o
58337.417213  20.058  1.451    34   50 c  0   1.27 305.86967 -47.17489  7949.41   953.56 3.38 2.61  67.8 -0.416 18.31 21.19 02a58337o0395c
58337.425459 -20.741  2.226   -18   41 c  0   1.04 305.86967 -47.17489  7925.19   921.62 3.44 2.56  81.2 -0.437 18.46 21.26 02a58337o0413c
58337.432775  22.876 11.800     3   30 c  0   1.10 305.86967 -47.17489  7992.08   999.01 3.47 2.47  85.0 -0.403 18.56 21.30 02a58337o0429c
58337.440014 -19.148  0.372   -80   30 c  0   1.21 305.86967 -47.17489  8004.00   878.09 3.45 2.41  85.8 -0.415 18.68 21.34 02a58337o0444c
58341.407089  20.584  0.570    21   12 c  0   1.37 305.86967 -47.17489  5358.26  1604.67 2.87 2.63  71.6 -0.405 19.49 21.27 02a58341o0379c
58341.417149  25.030 39.500     0   14 c  0   0.75 305.86967 -47.17489  5398.42  1643.35 2.87 2.64  74.4 -0.404 19.47 21.27 02a58341o0401c
58341.418521  21.505  1.250     9   11 c  0   1.35 305.86967 -47.17489  5346.21  1565.78 2.86 2.61  72.2 -0.407 19.51 21.27 02a58341o0404c
58341.429953 -22.654  3.789    -3   12 c  0   1.03 305.86967 -47.17489  5413.99  1528.39 2.80 2.54  87.7 -0.401 19.50 21.28 02a58341o0429c
58343.401011 -19.915  0.667   -39   26 o  0   1.20 305.86967 -47.17489  5531.62  9045.38 4.61 4.42 -61.7 -0.367 18.76 20.63 01a58343o0084o
58343.401933 -25.211 69.000    -0   21 o  0   1.24 305.86967 -47.17489  5545.44  9084.76 3.69 3.41 -68.6 -0.394 18.86 20.63 01a58343o0086o
58343.412082 -21.836  3.714    -7   25 o  0   1.11 305.86967 -47.17489  5487.04  9006.06 4.82 4.66 -37.6 -0.309 18.66 20.55 01a58343o0108o
58343.422211 -20.852  1.537   -17   25 o  0   0.95 305.86967 -47.17489  5459.79  9121.55 4.44 4.26 -39.5 -0.322 18.69 20.48 01a58343o0130o
58345.400293  16.591  0.895   838  750 c  0   1.12 305.86967 -47.17489  5307.39   159.27 3.23 2.59 -66.6 -0.392 16.63 18.53 02a58345o0366c
58345.417258  18.601  1.254   132  165 c  0   1.29 305.86967 -47.17489  5363.68    81.32 2.89 2.60  61.9 -0.413 16.82 18.51 02a58345o0403c
58345.418631 -18.055  0.539  -218  118 c  0   1.56 305.86967 -47.17489  5350.62   198.72 2.93 2.60  58.5 -0.405 16.45 18.13 02a58345o0406c
58347.383535  20.850  1.522    17   25 o  0   1.03 305.86967 -47.17489  2971.31  7807.28 3.47 3.27 -61.9 -0.420 18.75 20.48 01a58347o0232o
58347.395728 -19.675  0.444   -49   22 o  0   1.03 305.86967 -47.17489  2937.72  7768.35 3.44 3.24 -84.6 -0.433 18.92 20.69 01a58347o0257o
58347.397108 -19.818  0.457   -43   20 o  0   1.43 305.86967 -47.17489  2991.93  7843.52 3.48 3.45 -44.4 -0.415 18.93 20.71 01a58347o0260o
58347.405894  23.554 13.200     1   18 o  0   1.44 305.86967 -47.17489  2911.70  7883.69 3.50 3.23 -85.3 -0.421 18.99 20.77 01a58347o0279o
58351.401320  19.015  1.131    90  102 o  0   1.00 305.86967 -47.17489  5299.93  9921.93 4.37 4.02 -46.4 -0.352 17.03 17.98 01a58351o0308o
58351.411532 -17.885  0.714  -255  182 o  0   1.30 305.86967 -47.17489  5326.28  9960.08 4.38 3.90 -70.2 -0.373 16.39 17.16 01a58351o0330o
58351.421288 -17.145  0.296  -503  149 o  0   1.34 305.86967 -47.17489  5270.53  9881.94 4.24 3.71 -76.1 -0.409 16.97 17.72 01a58351o0351o
58351.431489  19.380  3.478    64  224 o  0   1.22 305.86967 -47.17489  5245.92  9998.54 4.46 3.78 -75.9 -0.396 16.49 17.24 01a58351o0373o
58363.357172  17.920  0.090   247   22 o  0  14.07 305.86967 -47.17489  4826.59  8462.08 3.83 3.49 -83.1 -0.402 18.79 20.48 01a58363o0223o
58363.364995 -21.893  3.278    -6   21 o  0   1.19 305.86967 -47.17489  4854.09  8499.78 3.77 3.41 -85.0 -0.414 18.77 20.50 01a58363o0240o
58363.372825 -20.553  1.082   -22   24 o  0   1.08 305.86967 -47.17489  4786.03  8422.84 3.90 3.41 -87.3 -0.407 18.80 20.49 01a58363o0257o
58363.380193 -19.963  0.656   -38   25 o  0   1.01 305.86967 -47.17489  4774.64  8538.60 4.08 3.62  88.5 -0.401 18.72 20.42 01a58363o0273o
58367.352943 -22.992  7.000    -2   16 o  0   1.34 305.86967 -47.17489  2059.15  9162.64 3.29 2.93 -79.4 -0.435 19.19 20.78 01a58367o0299o
58367.360781  20.903  1.105    16   18 o  0   1.24 305.86967 -47.17489  2072.50  9200.13 3.16 2.73 -77.8 -0.460 19.16 20.77 01a58367o0316o
58367.368620  23.304  9.500     2   16 o  0   1.41 305.86967 -47.17489  2016.81  9124.24 3.23 2.84 -78.9 -0.445 19.12 20.78 01a58367o0333o
58367.376468  23.862 16.500     1   17 o  0   1.52 305.86967 -47.17489  1990.96  9241.34 3.57 3.08 -76.3 -0.429 19.10 20.76 01a58367o0350o
58369.346171 -22.839  3.565    -3   10 o  0   1.93 305.86967 -47.17489  5676.49  2270.79 2.25 2.09  60.6 -0.448 19.35 20.41 02a58369o0288o
58369.354075  20.512  0.647    23   15 o  0   0.99 305.86967 -47.17489  5651.53  2232.59 2.29 2.14 -88.7 -0.437 19.34 20.40 02a58369o0305o
58369.361888 -23.516 11.083    -1   16 o  0   0.77 305.86967 -47.17489  5718.52  2310.89 2.28 2.12 -87.5 -0.442 19.31 20.38 02a58369o0322o
58369.369705  20.512  0.565    23   13 o  0   1.22 305.86967 -47.17489  5732.36  2194.74 2.22 2.08 -86.0 -0.438 19.31 20.33 02a58369o0339o
58371.340827 -20.258  0.648   -29   18 o  0   0.82 305.86967 -47.17489  4986.36  8401.55 3.59 3.12 -78.9 -0.420 19.14 20.84 01a58371o0278o
58371.348669 -21.715  2.269    -8   17 o  0   1.46 305.86967 -47.17489  4999.23  8439.08 3.78 3.27 -80.4 -0.411 19.11 20.80 01a58371o0295o
58371.356513 -20.693  0.912   -19   18 o  0   1.39 305.86967 -47.17489  4943.65  8361.53 3.76 3.22 -82.3 -0.416 19.02 20.71 01a58371o0312o
58371.364351 -20.711  0.887   -19   17 o  0   1.42 305.86967 -47.17489  4917.81  8478.22 3.96 3.37 -80.5 -0.398 18.98 20.71 01a58371o0329o
58377.353219  22.822  6.158     3   17 o  0   1.63 305.86967 -47.17489  6826.87  1423.37 2.47 2.31 -89.2 -0.429 19.00 19.89 02a58377o0310o
58377.363441 -20.542  0.804   -22   18 o  0   1.53 305.86967 -47.17489  6814.40  1385.21 2.64 2.43 -89.7 -0.418 18.95 19.89 02a58377o0332o
58377.372754 -20.581  1.111   -21   24 o  0   0.81 305.86967 -47.17489  6867.49  1462.79 2.51 2.34 -85.6 -0.424 18.98 19.91 02a58377o0352o
58379.342686 -20.616  1.900   -21   39 o  0   1.10 305.86967 -47.17489  3318.07 10352.27 4.04 3.61 -65.1 -0.373 18.27 19.36 01a58379o0288o
58379.352941  20.013  1.075    36   38 o  0   1.11 305.86967 -47.17489  3330.55 10389.68 4.04 3.78 -43.6 -0.363 18.15 19.24 01a58379o0310o
58379.362737  20.026  1.094    36   39 o  0   1.15 305.86967 -47.17489  3275.04 10312.75 4.32 3.74 -67.8 -0.351 18.22 19.33 01a58379o0331o
58379.372993 -19.675  0.770   -49   38 o  0   1.27 305.86967 -47.17489  3262.42 10429.31 4.30 3.83 -68.1 -0.373 18.22 19.29 01a58379o0353o
58391.302725 -22.352  5.667    -4   24 o  0   1.23 305.86967 -47.17489  4455.26  9486.99 3.60 3.14 -78.6 -0.429 18.86 20.11 01a58391o0222o
58391.309645  22.351  5.571     4   23 o  0   1.04 305.86967 -47.17489  4480.78  9524.80 3.80 3.27 -77.0 -0.409 18.87 20.15 01a58391o0237o
58391.316555  20.805  1.304    17   22 o  0   1.42 305.86967 -47.17489  4412.12  9448.38 3.83 3.37 -74.4 -0.409 18.77 20.10 01a58391o0252o
58391.323479 -21.489  2.333    -9   22 o  0   1.33 305.86967 -47.17489  4399.75  9564.50 3.27 2.88 -76.0 -0.447 18.88 20.07 01a58391o0267o
58393.298558 -20.117  1.096   -33   36 o  0   1.21 305.86967 -47.17489  5928.70  2637.74 2.38 2.25  86.2 -0.424 18.57 19.51 02a58393o0215o
58393.305461  23.217  9.615     2   18 o  0   1.14 305.86967 -47.17489  5916.21  2599.56 2.35 2.22  85.2 -0.427 18.99 19.95 02a58393o0230o
58393.312346 -21.823  2.438    -7   16 o  0   1.73 305.86967 -47.17489  5968.97  2677.03 2.38 2.23 -84.4 -0.422 19.08 20.01 02a58393o0245o
58393.319309 -20.605  1.086   -21   23 o  0   1.20 305.86967 -47.17489  5995.40  2562.18 2.58 2.30 -71.4 -0.406 18.82 19.80 02a58393o0260o
58395.306177 -21.890  4.909    -6   31 o  0   1.30 305.86967 -47.17489  4246.06  8210.74 3.02 2.75 -74.3 -0.458 18.58 19.80 01a58395o0177o
58395.313096 -21.080  2.146   -13   29 o  0   1.28 305.86967 -47.17489  4230.78  8326.03 3.18 2.99 -53.5 -0.439 18.44 19.72 01a58395o0192o
58401.286645  20.711  1.453    19   27 c  0   1.22 305.86967 -47.17489  7556.50   705.35 3.38 3.12  73.4 -0.401 18.99 20.72 02a58401o0196c
58401.294476  20.829  0.812    17   14 c  0   1.23 305.86967 -47.17489  7544.21   667.44 2.98 2.77  86.1 -0.410 19.34 20.91 02a58401o0213c
58401.302305 -21.530  1.829    -9   16 c  0   1.06 305.86967 -47.17489  7597.33   725.28 2.96 2.75 -89.7 -0.418 19.23 20.80 02a58401o0230c
58401.310145 -21.846  2.533    -7   17 c  0   1.18 305.86967 -47.17489  7611.28   609.09 3.05 2.86 -88.0 -0.415 19.24 20.81 02a58401o0247c
58405.293392 -20.343  1.632   -26   43 c  0   1.14 305.86967 -47.17489  8347.63   488.95 3.10 2.53 -70.3 -0.403 18.62 20.77 02a58405o0151c
58405.303259  21.412  4.818    10   48 c  0   1.05 305.86967 -47.17489  8333.33   451.12 3.15 2.59 -69.3 -0.405 18.56 20.64 02a58405o0172c
58611.625863 -22.378 19.750    -4   80 o  0   1.47 305.86967 -47.17489  6282.12  3402.19 3.94 3.68  18.1 -0.418 17.21 18.11 01a58611o0788o
58611.627782  17.653  0.449   315  142 o  0   0.91 305.86967 -47.17489  6263.17  3364.02 4.26 3.87  -5.0 -0.407 16.63 17.56 01a58611o0792o
58617.580562  19.120  0.190    82   16 o  0   1.18 305.86967 -47.17489  4254.24  7135.97 2.56 2.02  39.6 -0.390 19.22 20.16 02a58617o0414o
58617.583336  19.287  0.196    70   14 o  0   1.58 305.86967 -47.17489  4272.99  7173.84 2.47 1.97  39.9 -0.407 19.23 20.17 02a58617o0420o
58617.590113  19.112  0.178    82   15 o  0   1.23 305.86967 -47.17489  4212.62  7096.61 2.55 2.04  40.7 -0.401 19.23 20.21 02a58617o0434o
58617.601584  19.365  0.209    65   14 o  0   1.06 305.86967 -47.17489  4191.32  7214.22 2.44 1.89  36.9 -0.406 19.34 20.27 02a58617o0457o
58617.604924  18.878  0.144   102   15 o  0   1.15 305.86967 -47.17489  1519.43  4687.19 2.23 1.88  32.7 -0.448 19.27 20.22 02a58617o0464o
58617.607701  19.826  0.314    43   13 o  0   1.61 305.86967 -47.17489  1537.91  4724.66 2.25 2.17 -59.9 -0.452 19.17 20.20 02a58617o0470o
58617.610491  19.131  0.164    81   13 o  0   1.44 305.86967 -47.17489  1479.23  4648.61 2.22 1.90  35.3 -0.446 19.22 20.17 02a58617o0476o
58617.612358  19.394  0.264    63   17 o  0   0.98 305.86967 -47.17489  4230.35  7152.91 2.42 1.93  40.0 -0.407 19.19 20.14 02a58617o0480o
58617.613273  19.674  0.319    49   16 o  0   1.04 305.86967 -47.17489  1459.37  4763.67 2.20 1.90  35.4 -0.451 19.19 20.02 02a58617o0482o
58619.561178 -20.169  1.210   -31   38 o  0   1.24 305.86967 -47.17489  6070.89  1466.48 3.78 3.22 -13.9 -0.407 18.20 19.19 01a58619o0698o
58619.563948  20.284  1.165    28   33 o  0   1.30 305.86967 -47.17489  6050.35  1427.48 3.40 3.05 -14.7 -0.420 18.29 19.22 01a58619o0704o
58619.567662 -16.586  0.056  -843   47 o  0 102.84 305.86967 -47.17489    87.76  5877.95 3.02 2.89 -77.7 -0.416 18.24 19.30 01a58619o0712o
58619.569053 -20.505  1.409   -23   32 o  0   1.31 305.86967 -47.17489  6106.65  1504.22 3.49 3.05 -14.6 -0.411 18.28 19.27 01a58619o0715o
58619.570466 -21.334  4.154   -11   44 o  0   1.15 305.86967 -47.17489    67.94  5838.14 2.93 2.77 -86.2 -0.436 18.28 19.34 01a58619o0718o
58619.576020  20.790  2.221    18   39 o  0   1.37 305.86967 -47.17489   128.18  5918.97 3.06 2.95  83.0 -0.416 18.31 19.43 01a58619o0730o
58619.579262  18.973  0.397    94   37 o  0   1.00 305.86967 -47.17489  6123.43  1387.64 3.78 3.17 -17.3 -0.405 18.36 19.40 01a58619o0737o
58619.585811  18.929  0.348    97   34 o  0   1.14 305.86967 -47.17489   147.23  5805.24 2.96 2.82 -81.4 -0.432 18.42 19.63 01a58619o0751o
58619.587200  19.444  0.633    61   38 o  0   0.91 305.86967 -47.17489 10423.80  5740.57 3.44 3.00 -89.2 -0.449 18.43 19.54 01a58619o0754o
58619.591870  18.899  0.305   100   31 o  0   1.27 305.86967 -47.17489 10403.95  5702.54 3.21 3.09 -20.9 -0.454 18.51 19.72 01a58619o0764o
58619.598397  19.245  0.359    73   26 o  0   1.02 305.86967 -47.17489 10465.40  5775.72 3.20 3.00 -14.1 -0.449 18.65 19.98 01a58619o0778o
58619.605454  20.813  1.466    17   25 o  0   1.07 305.86967 -47.17489 10484.40  5658.35 3.44 3.30 -29.3 -0.434 18.77 20.34 01a58619o0793o
58619.622361  18.371  0.773   163  126 o  0   1.17 305.86967 -47.17489 10447.28  5718.59 3.46 3.17 -18.8 -0.445 17.33 18.46 01a58619o0829o
58619.622820  18.648  1.041   126  131 o  0   0.83 305.86967 -47.17489   112.01  5867.38 3.44 3.09 -20.6 -0.389 17.18 18.76 01a58619o0830o
58621.584150  19.813  0.754    43   32 o  0   1.56 305.86967 -47.17489  7458.77  4638.83 2.53 1.96  37.6 -0.393 18.17 18.30 02a58621o0747o
58621.587079  18.813  0.321   108   35 o  0   1.63 305.86967 -47.17489  7477.88  4678.80 2.65 2.07  39.1 -0.410 18.08 18.32 02a58621o0753o
58621.594256  18.164  0.187   197   37 o  0   1.23 305.86967 -47.17489  7418.69  4598.61 2.65 2.42  48.2 -0.465 17.96 18.36 02a58621o0768o
58621.600505  19.736  0.751    46   35 o  0   1.20 305.86967 -47.17489  7397.25  4715.75 2.65 2.11  38.7 -0.413 18.12 18.39 02a58621o0781o
58621.622559 -21.216  4.351   -12   52 o  0   1.42 305.86967 -47.17489  7431.10  4653.68 2.46 2.01  38.5 -0.413 17.61 17.52 02a58621o0827o
58623.551180  18.812  0.697   108   76 o  0   0.92 305.86967 -47.17489  6073.08  1464.21 3.90 3.35 -14.1 -0.399 17.48 18.24 01a58623o0681o
58623.553986  18.431  0.471   154   72 o  0   0.77 305.86967 -47.17489  6054.23  1426.27 3.88 3.34 -15.8 -0.399 17.61 18.40 01a58623o0687o
58623.559596  19.230  0.890    74   66 o  0   1.15 305.86967 -47.17489  6110.48  1502.18 3.96 3.46 -17.7 -0.394 17.78 18.60 01a58623o0699o
58623.560056 -16.550  0.117  -871  102 o  0 130.42 305.86967 -47.17489    91.74  5875.25 3.30 3.09 -26.6 -0.426 17.46 18.40 01a58623o0700o
58623.563392 -20.217  3.388   -30  101 o  0   1.24 305.86967 -47.17489    68.94  5836.53 3.42 3.26 -42.7 -0.421 17.64 18.54 01a58623o0707o
58623.569494  19.024  1.003    89   90 o  0   1.49 305.86967 -47.17489   129.64  5918.22 3.42 3.19 -30.4 -0.398 17.56 18.45 01a58623o0720o
58623.571820  18.772  0.758   112   85 o  0   0.91 305.86967 -47.17489  6123.37  1386.23 4.09 3.55 -22.7 -0.404 17.56 18.42 01a58623o0725o
58623.576070  21.353  8.852    10   92 o  0   0.95 305.86967 -47.17489 10424.58  5739.95 4.00 3.87 -40.4 -0.419 17.59 18.71 01a58623o0734o
58623.578898  20.249  2.940    29   85 o  0   1.10 305.86967 -47.17489 10403.44  5700.78 3.51 3.24 -87.1 -0.459 17.78 18.70 01a58623o0740o
58623.579357 -18.706  0.881  -120  105 o  0   1.11 305.86967 -47.17489   147.87  5803.24 3.63 3.34 -29.3 -0.418 17.61 18.59 01a58623o0741o
58623.585920  20.707  4.183    19   79 o  0   1.42 305.86967 -47.17489 10464.61  5775.22 3.31 3.11 -11.0 -0.459 17.72 18.63 01a58623o0755o
58623.600085  19.015  1.020    90   92 o  0   1.05 305.86967 -47.17489 10483.56  5656.45 3.90 3.62 -30.6 -0.424 17.68 18.73 01a58623o0785o
58623.616147  19.960  2.727    38  103 o  0   0.98 305.86967 -47.17489 10446.57  5718.84 3.93 3.65 -20.6 -0.413 17.48 18.62 01a58623o0818o
58623.616607  18.516  0.728   142  104 o  0   1.07 305.86967 -47.17489   110.82  5868.09 3.64 3.29 -20.5 -0.390 17.29 18.50 01a58623o0819o
58623.617068  18.760  0.584   114   66 o  0   1.11 305.86967 -47.17489  6084.32  1449.71 4.22 3.49 -17.1 -0.396 17.71 18.72 01a58623o0820o
58625.574406  19.045  0.292    88   26 o  0   1.53 305.86967 -47.17489  7455.63  4641.77 2.54 1.99  39.9 -0.406 18.35 18.66 02a58625o0717o
58625.577779  19.124  0.375    81   30 o  0   1.02 305.86967 -47.17489  7475.34  4680.00 2.61 2.03  39.7 -0.425 18.36 18.68 02a58625o0724o
58625.583081  19.827  0.718    43   31 o  0   0.85 305.86967 -47.17489  7417.51  4601.50 2.56 1.93  40.6 -0.415 18.30 18.67 02a58625o0735o
58625.594390  18.855  0.273   104   28 o  0   1.07 305.86967 -47.17489  7395.71  4716.33 2.58 2.01  39.9 -0.409 18.38 18.68 02a58625o0759o
58627.546432 -21.765  5.739    -7   41 o  0   1.24 305.86967 -47.17489  4965.58  5354.39 3.82 3.40 -15.3 -0.389 18.16 19.25 01a58627o0670o
58627.549653 -22.500 10.538    -4   38 o  0   1.23 305.86967 -47.17489  4946.65  5316.55 3.67 3.19 -14.8 -0.393 18.25 19.26 01a58627o0677o
58627.569052  18.767  0.339   113   38 o  0   1.29 305.86967 -47.17489  5004.53  5392.99 3.73 3.27 -15.0 -0.391 18.27 19.34 01a58627o0718o
58627.569513  19.538  0.769    56   43 o  0   1.06 305.86967 -47.17489  7616.95  5872.31 3.88 3.51 -11.2 -0.377 18.20 19.30 01a58627o0719o
58627.572326  18.920  0.388    98   38 o  0   1.54 305.86967 -47.17489  7598.36  5835.48 3.56 3.20 -15.3 -0.399 18.27 19.30 01a58627o0725o
58627.576955 -25.185 122.000    -0   37 o  0   1.01 305.86967 -47.17489  5024.86  5279.56 3.79 3.26 -16.5 -0.397 18.21 19.32 01a58627o0735o
58627.577415  19.682  0.795    49   39 o  0   1.33 305.86967 -47.17489  7659.51  5911.98 3.60 3.15 -12.6 -0.398 18.29 19.29 01a58627o0736o
58627.597577  19.776  0.971    45   43 o  0   1.04 305.86967 -47.17489  7677.97  5793.63 3.47 3.18 -14.2 -0.420 18.21 19.20 01a58627o0779o
58631.548089  21.205  1.892    12   23 o  0   0.99 305.86967 -47.17489  7612.54  5876.10 3.65 3.62  35.8 -0.405 18.73 20.35 01a58631o0607o
58631.548551  19.854  0.520    42   22 o  0   1.10 305.86967 -47.17489  4960.93  5357.55 3.82 3.64   6.4 -0.394 18.78 20.39 01a58631o0608o
58631.550853  20.477  0.925    23   22 o  0   1.17 305.86967 -47.17489  7592.62  5839.03 3.83 3.75  27.9 -0.399 18.72 20.39 01a58631o0613o
58631.551784  19.495  0.371    58   21 o  0   1.44 305.86967 -47.17489  4941.45  5321.13 3.82 3.71  20.8 -0.396 18.76 20.43 01a58631o0615o
58631.560440  19.803  0.490    44   21 o  0   1.10 305.86967 -47.17489  7654.66  5912.55 3.45 3.44  53.6 -0.411 18.86 20.43 01a58631o0633o
58631.561361  19.868  0.521    41   21 o  0   0.96 305.86967 -47.17489  5002.65  5397.43 3.54 3.28  10.3 -0.408 18.84 20.44 01a58631o0635o
58631.578837  19.287  0.297    70   21 o  0   1.12 305.86967 -47.17489  7674.32  5794.89 3.33 3.07  88.8 -0.434 18.81 20.38 01a58631o0672o
58631.579760  19.965  0.617    38   23 o  0   0.87 305.86967 -47.17489  5021.20  5281.46 3.21 3.15 -16.6 -0.419 18.82 20.42 01a58631o0674o
58633.521799  20.087  0.417    34   14 c  0   1.25 305.86967 -47.17489  6315.79  8984.17 2.83 2.50  52.8 -0.399 19.41 21.23 02a58633o0631c
58633.531338  20.804  1.086    17   19 c  0   1.39 305.86967 -47.17489  6334.10  9021.72 2.71 2.56  74.4 -0.408 19.34 21.13 02a58633o0651c
58633.534099  18.388  0.367   160   59 c  0   1.29 305.86967 -47.17489  6276.37  8944.75 2.73 2.50  56.9 -0.408 18.64 20.44 02a58633o0657c
58633.563791  20.054  0.406    34   14 c  0   1.11 305.86967 -47.17489  2222.51  4667.89 2.69 2.44  36.5 -0.395 19.35 21.14 02a58633o0720c
58633.566607  20.735  0.691    18   13 c  0   1.09 305.86967 -47.17489  2241.45  4704.91 2.67 2.43  37.7 -0.391 19.29 21.09 02a58633o0726c
58633.573342  20.993  1.027    14   15 c  0   1.65 305.86967 -47.17489  2178.74  4628.21 2.61 2.41  34.5 -0.392 19.12 20.84 02a58633o0740c
58633.584383  21.522  1.542     9   14 c  0   1.62 305.86967 -47.17489  2158.98  4743.16 2.62 2.44  36.6 -0.399 19.37 21.10 02a58633o0764c
58633.618935  18.778  0.485   112   54 c  0   1.24 305.86967 -47.17489  8336.68  5861.49 3.19 2.59  40.2 -0.361 17.64 18.61 02a58633o0835c
58633.619850  19.413  1.021    62   64 c  0   1.28 305.86967 -47.17489  4246.42  1548.75 2.77 2.51  64.8 -0.383 17.59 18.45 02a58633o0837c
58635.513286  19.361  0.275    65   18 o  0   1.55 305.86967 -47.17489  2320.24  1667.27 3.57 3.14  -2.1 -0.396 18.98 20.36 01a58635o0607o
58635.516050  19.760  0.434    45   20 o  0   1.46 305.86967 -47.17489  2299.88  1628.69 3.62 3.14  -0.6 -0.391 19.00 20.37 01a58635o0613o
58635.525603  20.111  0.568    33   19 o  0   1.04 305.86967 -47.17489  2358.87  1706.22 3.52 3.10  -5.3 -0.402 19.03 20.49 01a58635o0633o
58635.531630  19.370  0.248    65   16 o  0   1.17 305.86967 -47.17489  6264.96  5915.53 3.31 2.93  -1.6 -0.413 19.00 20.62 01a58635o0646o
58635.534895  19.240  0.210    73   15 o  0   1.34 305.86967 -47.17489  6245.86  5878.68 3.06 2.94  -4.3 -0.430 19.05 20.60 01a58635o0653o
58635.538944  20.514  0.829    23   19 o  0   1.17 305.86967 -47.17489  2374.83  1591.72 3.62 3.24  -9.0 -0.387 19.00 20.57 01a58635o0661o
58635.540786  20.283  0.606    28   17 o  0   1.24 305.86967 -47.17489  6307.22  5953.00 3.38 3.07  -4.6 -0.406 18.99 20.60 01a58635o0665o
58635.554550  19.885  0.366    40   15 o  0   1.65 305.86967 -47.17489  6326.07  5838.69 3.27 2.92  -6.3 -0.416 19.01 20.61 01a58635o0694o
58637.553796  19.803  0.322    44   14 c  0   1.52 305.86967 -47.17489   862.09  4716.41 2.66 2.39 -58.2 -0.413 19.07 20.87 02a58637o0680c
58637.556547  20.577  0.578    21   12 c  0   1.25 305.86967 -47.17489   880.63  4753.66 2.56 2.48 -51.2 -0.403 19.37 21.14 02a58637o0686c
58637.563801  19.885  0.325    40   13 c  0   1.42 305.86967 -47.17489   818.36  4676.51 2.74 2.39 -55.6 -0.403 19.33 21.15 02a58637o0701c
58637.577523  20.387  0.447    25   11 c  0   1.62 305.86967 -47.17489   794.58  4794.30 2.59 2.47 -47.5 -0.402 19.35 21.17 02a58637o0730c
58643.516822  19.905  0.448    40   18 o  0   1.41 305.86967 -47.17489  1110.31  5911.26 2.97 2.79 -23.0 -0.451 18.93 20.39 01a58643o0554o
58643.519635  21.380  1.510    10   15 o  0   1.75 305.86967 -47.17489  1091.21  5874.26 2.74 2.67 -56.3 -0.478 18.99 20.44 01a58643o0560o
58643.529205  19.353  0.279    66   18 o  0   1.28 305.86967 -47.17489  1151.19  5953.11 2.70 2.57 -22.3 -0.485 19.04 20.39 01a58643o0580o
58643.545296  18.987  0.245    92   23 o  0   1.05 305.86967 -47.17489  1171.25  5839.69 3.30 2.98 -25.8 -0.440 18.75 20.49 01a58643o0614o
58645.512277  19.246  0.168    73   12 o  0   1.81 305.86967 -47.17489  8937.33  4684.44 2.31 2.02 -72.7 -0.431 19.25 20.21 02a58645o0602o
58645.515027  20.340  0.574    26   15 o  0   0.99 305.86967 -47.17489  8955.54  4723.42 2.23 2.05 -80.6 -0.431 19.27 20.22 02a58645o0608o
58645.521839  20.794  0.764    18   13 o  0   0.90 305.86967 -47.17489  8894.98  4643.91 2.15 1.99 -84.9 -0.441 19.31 20.24 02a58645o0622o
58645.535503  19.357  0.212    66   14 o  0   1.46 305.86967 -47.17489  8867.23  4759.38 2.26 2.03  41.9 -0.423 19.28 20.25 02a58645o0651o
58647.486265  22.717 12.077     3   36 o  0   1.07 305.86967 -47.17489  1105.39  5908.50 3.06 2.91 -83.1 -0.454 18.44 19.56 01a58647o0452o
58647.489499  20.081  1.164    34   39 o  0   0.91 305.86967 -47.17489  1085.55  5870.63 3.22 2.96 -25.2 -0.439 18.45 19.59 01a58647o0459o
58647.495486  18.976  0.321    93   30 o  0   1.37 305.86967 -47.17489  1145.19  5950.60 2.90 2.81 -53.3 -0.464 18.54 19.65 01a58647o0469o
58647.508063  21.257  3.000    11   34 o  0   1.20 305.86967 -47.17489  1164.02  5835.17 3.41 3.18 -29.3 -0.426 18.43 19.73 01a58647o0492o
58649.500443  20.269  1.055    28   30 o  0   1.33 305.86967 -47.17489  8932.67  4684.94 2.37 1.89  37.6 -0.452 18.39 18.66 02a58649o0571o
58649.503274 -22.474  7.618    -4   28 o  0   1.18 305.86967 -47.17489  8950.24  4727.06 2.25 1.87  31.0 -0.426 18.39 18.68 02a58649o0577o
58649.509344  19.658  0.676    50   34 o  0   0.89 305.86967 -47.17489  8893.72  4644.92 2.04 1.86 -80.1 -0.471 18.47 18.71 02a58649o0590o
58649.519160  21.008  1.744    14   25 o  0   1.84 305.86967 -47.17489  8870.41  4762.03 2.39 1.93  38.5 -0.427 18.39 18.72 02a58649o0611o
58651.494761  19.051  1.808    87  157 o  0   1.40 305.86967 -47.17489  7011.23  5894.91 3.59 3.29  -7.0 -0.411 17.15 17.99 01a58651o0496o
58651.497596  19.287  2.020    70  142 o  0   1.34 305.86967 -47.17489  6990.89  5857.05 3.31 3.25  -9.8 -0.439 17.14 18.00 01a58651o0502o
58651.504065  18.618  1.010   130  131 o  0   1.86 305.86967 -47.17489  7049.72  5933.22 3.80 3.57  -7.7 -0.406 17.12 18.03 01a58651o0516o
58651.513807  19.515  2.566    57  146 o  0   1.09 305.86967 -47.17489  7069.16  5817.44 3.70 3.35 -10.0 -0.400 17.24 18.07 01a58651o0537o
58655.541753  17.599  7.838   332 2598 o  0   1.45 305.86967 -47.17489  6999.50  5857.21 3.77 3.05  -2.8 -0.411 14.29 15.94 01a58655o0669o
58657.540474  21.588  3.289     8   28 o  0   1.31 305.86967 -47.17489  4795.23  5925.11 3.13 2.00  40.3 -0.398 18.52 19.14 02a58657o0488o
58657.543729  22.541  8.053     4   28 o  0   0.92 305.86967 -47.17489  4776.21  5886.93 3.23 2.03  39.8 -0.392 18.62 19.29 02a58657o0495o
58657.546982  22.593  6.680     3   22 o  0   1.22 305.86967 -47.17489  2488.14  3569.05 2.53 1.84  40.7 -0.449 18.77 19.41 02a58657o0502o
58657.550244  20.067  0.695    34   24 o  0   0.80 305.86967 -47.17489  4834.97  5964.53 3.03 1.90  40.3 -0.405 18.67 19.28 02a58657o0509o
58657.550701 -22.318  4.897    -4   21 o  0   1.20 305.86967 -47.17489  2468.78  3531.06 2.62 1.86  40.5 -0.431 18.55 19.22 02a58657o0510o
58657.556262  20.678  1.328    19   26 o  0   1.51 305.86967 -47.17489  2526.34  3611.79 2.43 1.86  42.2 -0.454 18.51 19.09 02a58657o0522o
58657.560409  20.652  1.358    20   27 o  0   0.88 305.86967 -47.17489  4854.87  5852.40 2.57 1.84  42.9 -0.431 18.61 19.10 02a58657o0531o
58657.568296  18.309  0.320   172   55 o  0   1.85 305.86967 -47.17489  2545.13  3495.53 2.49 1.82  40.7 -0.448 17.69 18.34 02a58657o0548o
58659.460613  20.188  0.752    30   23 o  0   0.83 305.86967 -47.17489  4382.31  3526.78 3.70 3.21  -9.3 -0.412 18.84 20.19 01a58659o0480o
58659.463854 -21.675  2.750    -8   21 o  0   1.12 305.86967 -47.17489  4361.31  3489.92 3.63 3.11 -11.0 -0.421 18.84 20.17 01a58659o0487o
58659.473911  20.533  0.967    22   22 o  0   1.00 305.86967 -47.17489  4419.78  3565.64 3.23 3.09  -9.7 -0.439 18.87 20.16 01a58659o0508o
58659.476209  22.133  4.300     5   22 o  0   1.07 305.86967 -47.17489  6925.00  5900.41 3.43 2.98  -7.1 -0.402 18.78 20.18 01a58659o0513o
58659.485343  19.674  0.457    49   22 o  0   1.25 305.86967 -47.17489  4436.73  3450.43 3.40 3.21  -6.0 -0.425 18.81 20.13 01a58659o0532o
58659.486265  20.134  0.659    32   21 o  0   1.01 305.86967 -47.17489  6906.20  5861.36 3.43 3.02  -6.7 -0.397 18.77 20.15 01a58659o0534o
58659.489488  21.051  1.340    14   18 o  0   1.73 305.86967 -47.17489  6966.42  5938.02 3.61 3.20  -4.9 -0.388 18.69 20.18 01a58659o0541o
58659.498145  20.614  0.973    21   20 o  0   1.09 305.86967 -47.17489  6984.85  5820.49 3.49 2.93  -2.4 -0.403 18.75 20.18 01a58659o0559o
58661.484149  20.157  0.369    31   12 c  0   1.15 305.86967 -47.17489  1565.20  4706.50 3.18 2.54  85.8 -0.367 19.30 21.28 02a58661o0479c
58663.487480 -24.984 57.000    -0   21 o  0   1.50 305.86967 -47.17489  6933.45  5896.06 3.47 2.99  -7.8 -0.405 18.65 20.36 01a58663o0455o
58663.487941  20.248  0.828    29   24 o  0   1.37 305.86967 -47.17489  4386.40  3525.83 3.71 3.07 -11.5 -0.434 18.90 20.54 01a58663o0456o
58663.490703  20.263  0.641    28   18 o  0   1.30 305.86967 -47.17489  6913.62  5859.56 3.42 2.85  -7.2 -0.410 18.81 20.47 01a58663o0462o
58663.491163 -19.857  0.507   -41   21 o  0   1.19 305.86967 -47.17489  4367.10  3488.77 3.73 3.02 -12.5 -0.439 18.97 20.65 01a58663o0463o
58663.501257 -20.420  0.831   -25   20 o  0   1.18 305.86967 -47.17489  4423.92  3566.71 3.59 3.12  -4.3 -0.432 18.84 20.57 01a58663o0484o
58663.501719  21.823  2.750     7   19 o  0   1.35 305.86967 -47.17489  6971.96  5935.70 3.47 2.95  -1.6 -0.411 18.73 20.53 01a58663o0485o
58663.506487  19.069  0.261    86   22 o  0   1.29 305.86967 -47.17489  6143.57  7113.36 3.04 2.84 -10.5 -0.436 18.65 20.42 01a58663o0495o
58663.511093  19.909  0.600    40   24 o  0   1.32 305.86967 -47.17489  3578.66  4761.45 3.05 2.86 -10.6 -0.446 18.55 20.40 01a58663o0505o
58665.490048  19.900  0.269    40   11 c  0   1.55 305.86967 -47.17489  1521.23  4656.68 2.36 2.32 -63.9 -0.420 19.61 21.43 02a58665o0408c
58665.500183  20.995  0.809    14   12 c  0   1.61 305.86967 -47.17489  1500.02  4770.77 2.35 2.20 -59.5 -0.426 19.61 21.37 02a58665o0430c
58667.437412 -23.506 37.600    -1   54 o  0   1.22 305.86967 -47.17489  3748.54  6135.59 3.62 3.29 -14.7 -0.394 17.87 19.08 01a58667o0420o
58667.440174  20.206  1.860    30   56 o  0   1.29 305.86967 -47.17489  3725.54  6089.21 3.54 3.27  -1.7 -0.399 17.91 19.03 01a58667o0426o
58667.446639  20.574  2.933    21   63 o  0   0.88 305.86967 -47.17489  3774.62  6147.56 3.61 3.34 -17.2 -0.371 17.81 18.88 01a58667o0440o
58667.465914  20.941  4.182    15   64 o  0   1.53 305.86967 -47.17489  3763.91  5962.16 3.48 3.14 -15.1 -0.415 17.55 18.52 01a58667o0481o
58669.439753  20.536  0.615    22   14 c  0   1.49 305.86967 -47.17489  2573.48  9226.24 2.72 2.42 -68.0 -0.404 19.40 21.18 02a58669o0390c
58669.442960  21.412  1.403    10   14 c  0   1.15 305.86967 -47.17489  2593.77  9261.66 2.66 2.41 -66.5 -0.404 19.44 21.19 02a58669o0397c
58669.452159  21.522  1.473     9   13 c  0   1.42 305.86967 -47.17489  2535.59  9184.50 2.63 2.51 -83.5 -0.400 19.40 21.22 02a58669o0416c
58669.453074  21.238  1.030    12   12 c  0   1.57 305.86967 -47.17489  8393.27  4673.47 2.82 2.51  48.7 -0.382 19.41 21.17 02a58669o0418c
58669.457110  19.959  0.368    38   14 c  0   1.07 305.86967 -47.17489  8408.09  4713.39 2.56 2.46 -85.8 -0.395 19.46 21.18 02a58669o0426c
58669.466759  20.702  0.771    19   15 c  0   1.07 305.86967 -47.17489  2509.74  9303.38 2.91 2.46 -56.3 -0.402 19.48 21.27 02a58669o0446c
58669.467216  20.051  0.372    35   13 c  0   1.01 305.86967 -47.17489  8346.64  4634.47 2.93 2.58  43.5 -0.371 19.39 21.21 02a58669o0447c
58669.473186 -25.019 30.000    -0   11 c  0   1.42 305.86967 -47.17489  8326.76  4749.63 2.82 2.59  47.7 -0.382 19.41 21.20 02a58669o0460c
58670.441706  20.952  0.761    15   12 c  0   1.60 305.86967 -47.17489  8394.94  4675.45 2.72 2.41  46.4 -0.382 19.44 21.17 02a58670o0419c
58670.442163  20.226  0.411    30   12 c  0   1.30 305.86967 -47.17489  2573.25  9224.19 2.48 2.36 -87.8 -0.401 19.44 21.21 02a58670o0420c
58670.444907  22.061  2.424     5   13 c  0   1.26 305.86967 -47.17489  8413.82  4714.26 2.75 2.38  44.4 -0.386 19.43 21.18 02a58670o0426c
58670.445365  20.001  0.347    36   13 c  0   1.51 305.86967 -47.17489  2591.51  9262.27 2.49 2.37 -80.8 -0.406 19.47 21.22 02a58670o0427c
58670.454053  20.562  0.562    22   12 c  0   1.49 305.86967 -47.17489  2532.54  9187.43 2.52 2.36 -68.4 -0.406 19.45 21.25 02a58670o0445c
58670.454510  19.728  0.250    47   12 c  0   1.78 305.86967 -47.17489  8350.44  4636.27 2.77 2.40  44.0 -0.381 19.42 21.21 02a58670o0446c
58670.469123  20.754  0.659    18   12 c  0   1.59 305.86967 -47.17489  2507.68  9303.68 2.50 2.37 -76.3 -0.411 19.49 21.32 02a58670o0476c
58670.469580  20.288  0.385    28   11 c  0   2.02 305.86967 -47.17489  8325.98  4750.94 2.79 2.41  43.5 -0.383 19.46 21.28 02a58670o0477c
58671.443513  20.846  0.738    17   12 c  0   1.31 305.86967 -47.17489  8392.62  4675.89 3.05 2.68  42.8 -0.374 19.37 21.34 02a58671o0446c
58671.446713  21.200  0.984    12   12 c  0   1.24 305.86967 -47.17489  8412.91  4712.59 3.05 2.66  41.9 -0.375 19.36 21.35 02a58671o0453c
58671.459080  20.947  0.842    15   13 c  0   1.06 305.86967 -47.17489  8350.00  4634.35 3.07 2.73  40.0 -0.369 19.36 21.34 02a58671o0479c
58671.460006 -20.555  0.532   -22   12 c  0   1.17 305.86967 -47.17489  8350.10  4634.18 3.07 2.74  40.8 -0.368 19.38 21.34 02a58671o0481c
58671.460919  21.469  1.367     9   13 c  0   1.58 305.86967 -47.17489  2568.39  9222.29 2.90 2.80 -88.2 -0.375 19.36 21.39 02a58671o0483c
58671.466363  20.606  0.660    21   14 c  0   1.56 305.86967 -47.17489  2584.47  9262.13 3.15 3.01 -76.0 -0.375 19.30 21.39 02a58671o0494c
58671.468212  20.347  0.423    26   11 c  0   1.69 305.86967 -47.17489  8327.11  4750.45 3.20 2.88  42.7 -0.351 19.28 21.34 02a58671o0498c
58671.469618  20.603  0.667    21   14 c  0   1.05 305.86967 -47.17489  2529.32  9185.39 2.79 2.53 -61.6 -0.398 19.41 21.38 02a58671o0501c
58671.480987  22.442  3.238     4   12 c  0   1.61 305.86967 -47.17489  2507.34  9300.99 2.88 2.68 -71.4 -0.392 19.41 21.42 02a58671o0525c
58674.443449  20.002  0.451    36   16 o  0   1.24 305.86967 -47.17489  5475.11  4635.57 2.60 1.99  40.3 -0.404 19.09 19.93 02a58674o0427o
58674.446649  20.938  0.868    15   13 o  0   1.29 305.86967 -47.17489  5500.74  4672.58 2.06 1.97  49.2 -0.440 19.15 19.96 02a58674o0434o
58674.456783 -20.934  0.821   -15   13 o  0   1.76 305.86967 -47.17489  5436.67  4594.47 2.30 2.11  30.1 -0.429 19.14 20.09 02a58674o0455o
58674.463446  19.985  0.301    37   11 o  0   2.38 305.86967 -47.17489  5418.99  4707.95 2.07 1.95  42.6 -0.449 19.29 20.28 02a58674o0469o
58685.482645 -20.387  1.000   -25   25 o  0   1.09 305.86967 -47.17489  6888.13  5233.83 2.97 2.41  40.8 -0.405 18.56 19.27 02a58685o0234o
58685.484588  22.184  5.071     5   25 o  0   1.40 305.86967 -47.17489  9770.90  5827.42 2.68 2.59  67.8 -0.415 18.59 19.25 02a58685o0238o
58685.486156  21.950  4.933     6   30 o  0   0.99 305.86967 -47.17489  6868.47  5196.98 3.00 2.68  41.6 -0.408 18.46 19.27 02a58685o0241o
58685.487607  20.437  1.103    24   27 o  0   1.52 305.86967 -47.17489  9750.69  5790.11 2.94 2.79  52.7 -0.430 18.47 19.26 02a58685o0244o
58685.491369 -20.338  1.027   -27   27 o  0   1.47 305.86967 -47.17489  6926.97  5275.56 3.29 2.91  43.9 -0.404 18.41 19.27 02a58685o0252o
58685.492795  20.846  1.546    17   26 o  0   1.05 305.86967 -47.17489  9809.82  5866.98 2.67 2.57  62.5 -0.420 18.54 19.26 02a58685o0255o
58685.501300  20.064  0.780    34   27 o  0   1.13 305.86967 -47.17489  6945.89  5160.14 2.70 2.27  43.0 -0.404 18.60 19.26 02a58685o0273o
58685.503152  19.981  0.708    37   26 o  0   1.46 305.86967 -47.17489  9829.44  5752.17 2.71 2.62  60.5 -0.406 18.52 19.25 02a58685o0277o
58689.398748  20.135  0.387    32   12 o  0   1.83 305.86967 -47.17489  3664.50  5325.84 2.54 1.86  37.3 -0.410 19.39 20.45 02a58689o0341o
58689.404653  20.226  0.443    30   13 o  0   1.47 305.86967 -47.17489  3680.80  5366.18 2.33 1.87  34.6 -0.427 19.38 20.48 02a58689o0353o
58689.408227  20.418  0.517    25   13 o  0   1.30 305.86967 -47.17489  3621.37  5288.98 2.14 1.86  30.5 -0.436 19.40 20.48 02a58689o0360o
58689.409141 -21.241  0.929   -12   11 o  0   1.97 305.86967 -47.17489   780.31  4735.81 2.10 1.89  25.9 -0.435 19.36 20.46 02a58689o0362o
58689.414759  20.289  0.437    28   12 o  0   1.55 305.86967 -47.17489   798.97  4772.31 2.15 1.84 -59.3 -0.440 19.42 20.49 02a58689o0373o
58689.423676  20.763  0.667    18   12 o  0   1.42 305.86967 -47.17489  3599.36  5400.96 2.03 1.98  31.7 -0.433 19.44 20.52 02a58689o0391o
58689.425047  20.170  0.376    31   12 o  0   1.73 305.86967 -47.17489   737.25  4694.47 2.16 2.02  30.1 -0.417 19.34 20.50 02a58689o0394o
58689.429186  22.611  4.094     3   13 o  0   1.20 305.86967 -47.17489   714.66  4812.80 2.08 1.95  19.7 -0.427 19.40 20.46 02a58689o0402o
58691.428348  19.957  0.667    38   25 o  0   1.05 305.86967 -47.17489  9487.92  5015.06 3.05 2.92  88.0 -0.451 18.72 20.48 01a58691o0410o
58691.431579  22.209  4.846     5   23 o  0   1.30 305.86967 -47.17489  9505.34  5055.53 3.24 3.06 -74.7 -0.433 18.69 20.49 01a58691o0417o
58691.438342  20.501  1.033    23   24 o  0   1.19 305.86967 -47.17489  9447.03  4975.46 3.37 3.27 -84.7 -0.436 18.69 20.48 01a58691o0430o
58691.451102  21.150  1.667    13   21 o  0   0.89 305.86967 -47.17489  9430.46  5090.15 3.17 3.03 -19.5 -0.435 18.93 20.67 01a58691o0456o
58695.365441  23.305 11.143     2   19 o  0   1.19 305.86967 -47.17489  1081.85  5517.41 3.29 3.06  -4.7 -0.432 18.99 20.70 01a58695o0264o
58695.381289  22.391  4.923     4   20 o  0   1.17 305.86967 -47.17489  1060.70  5479.89 3.59 3.48 -23.2 -0.402 18.84 20.69 01a58695o0297o
58695.392769 -23.425 14.500    -2   22 o  0   1.24 305.86967 -47.17489  1120.92  5559.67 3.89 3.66 -63.0 -0.427 18.74 20.68 01a58695o0321o
58695.395989 -19.581  0.496   -53   26 o  0   1.09 305.86967 -47.17489  1139.59  5447.17 4.18 4.11 -47.2 -0.416 18.63 20.69 01a58695o0328o
58699.407547 -18.977  0.231   -93   22 o  0   1.48 305.86967 -47.17489  3035.95  5457.41 4.49 4.07  -9.7 -0.360 18.56 20.85 01a58699o0044o
58699.410769 -18.085  0.112  -212   24 o  0   6.02 305.86967 -47.17489  3017.47  5420.82 3.93 3.45 -14.2 -0.384 18.66 20.86 01a58699o0051o
58699.416583 -20.864  1.351   -16   22 o  0   1.26 305.86967 -47.17489  7509.85  5054.07 3.70 3.40 -10.2 -0.392 18.67 20.69 01a58699o0063o
58699.429495 -20.926  1.250   -16   19 o  0   0.97 305.86967 -47.17489  7495.14  5169.50 3.64 3.27  -5.9 -0.400 18.85 20.80 01a58699o0089o
58703.421272  20.965  1.588    15   24 o  0   0.80 305.86967 -47.17489  7543.84  5087.71 3.40 2.98 -10.4 -0.418 18.75 20.24 01a58703o0156o
58703.424056 -20.475  0.860   -23   20 o  0   1.07 305.86967 -47.17489  7564.18  5126.32 3.29 2.91  -6.2 -0.428 18.82 20.29 01a58703o0162o
58703.430112 -23.416 12.833    -2   20 o  0   1.32 305.86967 -47.17489  7504.06  5049.05 3.30 2.90  -7.8 -0.425 18.90 20.37 01a58703o0175o
58703.441192  23.049  7.333     2   16 o  0   1.19 305.86967 -47.17489  7487.67  5163.62 3.28 2.94  -2.7 -0.414 19.05 20.65 01a58703o0199o
58705.328892  18.279  1.968   177  349 c  0   1.44 305.86967 -47.17489  9985.73  6964.22 2.79 2.52  47.4 -0.418 16.34 16.87 02a58705o0211c
58705.332550  16.924  0.960   617  593 c  0   1.21 305.86967 -47.17489 10005.32  7003.14 2.77 2.53  53.4 -0.500 16.17 16.79 02a58705o0219c
58705.338959 -19.495  3.663   -58  212 c  0   1.17 305.86967 -47.17489  9945.92  6921.86 2.84 2.52  50.8 -0.418 15.95 16.82 02a58705o0233c
58705.349412 -21.851 18.607    -7  123 c  0   1.23 305.86967 -47.17489  9925.18  7038.09 2.94 2.50  40.5 -0.400 17.60 18.45 02a58705o0255c
58705.353071  20.934  4.088    15   63 c  0   1.42 305.86967 -47.17489  7871.52  4660.24 3.02 2.44  38.8 -0.345 17.34 18.28 02a58705o0263c
58705.353529 -19.495  1.683   -58   97 c  0   1.11 305.86967 -47.17489   479.10  6972.52 2.50 2.36  20.2 -0.357 17.54 18.43 02a58705o0264c
58705.356272 -20.088  1.934   -34   65 c  0   1.24 305.86967 -47.17489  7890.08  4699.20 2.80 2.39  41.9 -0.363 17.55 18.58 02a58705o0270c
58705.356729 -20.692  4.591   -19   88 c  0   0.91 305.86967 -47.17489   497.23  7010.31 2.47 2.31  19.4 -0.353 17.53 18.48 02a58705o0271c
58705.361830  17.828  0.626   268  168 c  0   1.00 305.86967 -47.17489  7830.23  4620.01 2.97 2.46  36.0 -0.369 16.78 18.01 02a58705o0282c
58705.362287  19.723  3.957    47  185 c  0   1.26 305.86967 -47.17489   437.79  6934.36 2.46 2.29  21.5 -0.442 16.45 17.82 02a58705o0283c
58705.373291 -17.708  0.987  -300  296 c  0   1.66 305.86967 -47.17489  7807.25  4735.46 2.95 2.46  38.1 -0.384 15.99 16.63 02a58705o0307c
58705.374205 -18.558  1.413  -137  194 c  0   1.44 305.86967 -47.17489   414.79  7051.66 2.53 2.14 -56.3 -0.435 16.19 16.74 02a58705o0309c
58711.400238  17.469  0.756   374  282 o  0   1.01 305.86967 -47.17489  1518.51  4779.91 3.52 3.09 -15.4 -0.441 16.16 17.36 01a58711o0385o
58711.400697  18.944  8.736    96  839 o  0   0.94 305.86967 -47.17489  4303.94  7171.33 3.70 3.35 -16.5 -0.408 16.35 17.54 01a58711o0386o
58711.403518  13.894  0.041 10054  414 o  0 215.12 305.86967 -47.17489  1539.55  4817.21 3.73 3.31 -15.8 -0.453 16.03 17.27 01a58711o0392o
58711.403979  17.713  1.813   298  541 o  0   0.90 305.86967 -47.17489  4324.14  7208.68 3.64 3.41 -15.2 -0.433 16.54 17.61 01a58711o0393o
58711.409113  16.545  0.583   875  510 o  0   0.98 305.86967 -47.17489  1478.97  4742.06 3.60 3.20 -17.4 -0.460 15.60 16.39 01a58711o0404o
58711.409573 -16.104  0.758 -1313  995 o  0   1.04 305.86967 -47.17489  4265.97  7132.49 3.42 3.18 -15.0 -0.525 15.73 16.64 01a58711o0405o
58711.420253  18.093  1.246   210  262 o  0   1.43 305.86967 -47.17489  1461.42  4857.39 4.00 3.76 -21.2 -0.421 15.65 16.90 01a58711o0428o
58711.420713 -20.091 19.610   -33  655 o  0   0.91 305.86967 -47.17489  4249.15  7247.17 3.78 3.64 -26.7 -0.458 15.88 16.93 01a58711o0429o
58713.375323  19.193  0.418    76   32 o  0   0.94 305.86967 -47.17489  5614.96  5923.04 2.78 1.97  39.2 -0.412 18.45 18.96 02a58713o0267o
58713.379030  22.752 10.100     3   29 o  0   0.91 305.86967 -47.17489  5595.32  5887.66 2.86 1.99  37.2 -0.403 18.45 18.95 02a58713o0275o
58713.390436 -23.524 20.364    -1   29 o  0   1.48 305.86967 -47.17489  5654.99  5966.25 2.56 1.91  39.5 -0.440 18.49 18.92 02a58713o0281o
58713.397730  22.382  7.793     4   32 o  0   0.90 305.86967 -47.17489  5675.20  5851.13 2.75 1.97  37.5 -0.404 18.44 18.89 02a58713o0290o
58715.362211  20.199  1.438    30   44 o  0   1.14 305.86967 -47.17489  7456.14  4613.49 3.89 3.67  -6.3 -0.440 18.08 19.78 01a58715o0307o
58715.365441  22.304  8.375     4   36 o  0   1.48 305.86967 -47.17489  7476.94  4650.85 3.76 3.63 -49.3 -0.395 18.08 19.75 01a58715o0314o
58715.371036  21.074  2.794    14   38 o  0   0.78 305.86967 -47.17489  7416.72  4573.40 3.39 3.10   8.9 -0.418 18.28 19.70 01a58715o0326o
58715.394544  19.796  0.802    44   35 o  0   1.10 305.86967 -47.17489  7399.41  4685.19 3.72 3.63   6.2 -0.398 18.25 19.62 01a58715o0348o
58723.337045  21.685  1.618     8   12 o  0   1.88 305.86967 -47.17489  6384.62  8984.48 2.19 1.95  -8.4 -0.427 19.15 20.99 01a58723o0205o
58723.341256  22.172  3.071     5   15 o  0   0.98 305.86967 -47.17489  6404.32  9022.71 2.18 1.82 -10.7 -0.398 19.33 21.02 01a58723o0213o
58723.346528 -22.454  3.406    -4   13 o  0   1.39 305.86967 -47.17489  6348.59  8944.73 2.13 2.01   1.5 -0.425 19.34 21.06 01a58723o0224o
58725.366293  17.053  0.683   548  374 c  0   1.23 305.86967 -47.17489 10405.00  5800.17 3.09 2.82  36.3 -0.386 15.08 16.90 02a58725o0219c
58725.366750 -16.799  0.568  -692  394 c  0   1.17 305.86967 -47.17489  6101.85  1469.38 2.96 2.73  71.7 -0.364 15.99 17.75 02a58725o0220c
58725.369128 -17.511  1.030  -359  370 c  0   1.13 305.86967 -47.17489 10385.38  5763.36 2.93 2.63  36.7 -0.386 14.79 16.57 02a58725o0225c
58725.369584  19.732  6.333    46  294 c  0   0.98 305.86967 -47.17489  6083.46  1431.42 2.76 2.49  68.9 -0.391 15.62 17.31 02a58725o0226c
58729.321620  20.968  1.036    15   15 c  0   1.42 305.86967 -47.17489    65.58  5802.23 2.82 2.48 -56.5 -0.358 19.28 21.13 02a58729o0235c
58729.324850 -20.774  0.966   -18   17 c  0   1.48 305.86967 -47.17489    45.56  5759.94 2.53 2.46 -26.5 -0.350 19.37 21.21 02a58729o0242c
58729.330368  19.605  0.233    52   12 c  0   1.37 305.86967 -47.17489   105.27  5842.76 2.55 2.49  -7.0 -0.351 19.33 21.17 02a58729o0254c
58729.330825  19.917  0.346    39   14 c  0   1.02 305.86967 -47.17489  6099.74  1468.61 2.72 2.46  64.2 -0.388 19.42 21.27 02a58729o0255c
58729.334027  20.448  0.548    24   13 c  0   1.16 305.86967 -47.17489  6081.94  1431.48 2.71 2.48  85.5 -0.393 19.44 21.30 02a58729o0262c
58729.339569  21.529  1.140     9   10 c  0   1.65 305.86967 -47.17489  6137.49  1509.93 2.66 2.43 -84.1 -0.394 19.45 21.29 02a58729o0274c
58729.340486  20.759  0.752    18   14 c  0   1.23 305.86967 -47.17489   125.95  5728.11 2.64 2.39 -58.8 -0.367 19.42 21.22 02a58729o0276c
58729.341405 -20.016  0.369   -36   13 c  0   1.08 305.86967 -47.17489 10403.33  5800.11 2.83 2.75 -16.3 -0.433 19.40 21.24 02a58729o0278c
58729.344619  21.877  1.972     6   13 c  0   1.23 305.86967 -47.17489 10383.75  5764.53 2.73 2.58 -78.7 -0.416 19.44 21.23 02a58729o0285c
58729.350113  20.260  0.425    29   12 c  0   1.31 305.86967 -47.17489  6156.34  1393.21 2.93 2.67  79.4 -0.379 19.36 21.24 02a58729o0297c
58729.350571  20.976  1.135    15   17 c  0   1.20 305.86967 -47.17489 10443.26  5839.07 3.02 2.80  35.1 -0.385 18.92 20.81 02a58729o0298c
58729.362035  20.255  0.471    29   14 c  0   1.38 305.86967 -47.17489 10463.81  5725.67 2.84 2.56 -72.9 -0.411 19.43 21.15 02a58729o0323c
58741.299437  19.141  0.462    80   37 o  0   0.92 305.86967 -47.17489  6243.12  5912.56 2.63 1.92  39.1 -0.416 18.27 18.68 02a58741o0177o
58741.301736 -19.763  0.656   -45   30 o  0   1.23 305.86967 -47.17489  2348.66  1616.16 2.22 2.07 -70.9 -0.456 18.38 18.78 02a58741o0182o
58741.302650 -21.606  3.731    -8   31 o  0   1.07 305.86967 -47.17489  6223.76  5876.39 2.45 1.94  39.7 -0.426 18.30 18.68 02a58741o0184o
58741.305069  18.639  0.213   127   27 o  0   1.48 305.86967 -47.17489  2330.37  1577.16 2.16 2.05 -76.6 -0.459 18.42 18.77 02a58741o0189o
58741.308330 -21.127  2.495   -13   32 o  0   0.90 305.86967 -47.17489  6283.10  5952.09 2.49 1.95  40.5 -0.423 18.30 18.67 02a58741o0196o
58741.310627 -19.063  0.382   -86   33 o  0   1.58 305.86967 -47.17489  2388.21  1657.09 2.16 2.03 -78.2 -0.450 18.38 18.77 02a58741o0201o
58741.318437  21.090  2.019    13   27 o  0   1.62 305.86967 -47.17489  6304.81  5840.25 2.57 1.89  39.4 -0.425 18.28 18.67 02a58741o0218o
58741.323988 -20.695  1.580   -19   30 o  0   1.33 305.86967 -47.17489  2408.65  1543.58 2.10 1.98  76.2 -0.447 18.37 18.73 02a58741o0230o
58745.258153  20.487  0.669    23   16 o  0   1.13 305.86967 -47.17489  4299.52  4641.65 2.77 1.94  36.3 -0.396 19.13 20.04 02a58745o0113o
58745.258610  21.605  1.723     8   14 o  0   1.49 305.86967 -47.17489  8193.36  8940.55 2.44 2.04  46.4 -0.406 19.18 20.11 02a58745o0114o
58745.268609  22.323  3.281     4   14 o  0   1.70 305.86967 -47.17489  8210.88  8979.67 2.33 2.21  71.0 -0.418 19.22 20.13 02a58745o0134o
58745.269066 -21.602  1.812    -8   15 o  0   1.06 305.86967 -47.17489  4316.90  4678.70 2.54 1.97  35.9 -0.410 19.14 20.09 02a58745o0135o
58745.271823  22.008  3.561     6   20 o  0   1.06 305.86967 -47.17489  8156.24  8898.89 2.40 2.23  89.9 -0.420 19.20 20.16 02a58745o0141o
58745.272280  21.897  2.372     6   15 o  0   1.16 305.86967 -47.17489  4260.17  4601.18 2.81 2.07  37.7 -0.397 19.12 20.10 02a58745o0142o
58745.279452  21.461  1.487    10   14 o  0   1.33 305.86967 -47.17489  2404.99  1535.70 2.21 2.07  54.9 -0.438 19.18 20.24 02a58745o0157o
58745.285684  21.865  2.000     6   13 o  0   1.84 305.86967 -47.17489  6302.55  5831.12 2.65 2.01  40.8 -0.421 19.16 20.19 02a58745o0170o
58753.259415  22.165  2.700     5   13 c  0   1.34 305.86967 -47.17489  1087.00  5834.36 2.73 2.35  32.2 -0.387 19.26 20.89 02a58753o0136c
58753.262192 -20.724  0.667   -19   12 c  0   1.98 305.86967 -47.17489  1067.62  5795.39 2.68 2.42  30.8 -0.397 19.26 20.92 02a58753o0142c
58753.268178  20.878  0.931    16   15 c  0   1.25 305.86967 -47.17489  1127.25  5877.32 2.53 2.39  33.9 -0.402 19.30 20.95 02a58753o0155c
58763.228990 -23.326 22.444    -2   38 o  0   1.16 305.86967 -47.17489  7996.05  1320.34 2.14 1.96 -32.5 -0.380 18.51 18.61 01a58763o0078o
58763.236559  20.889  2.006    16   32 o  0   1.03 305.86967 -47.17489  7976.12  1281.84 2.14 1.88 -30.4 -0.367 18.47 18.82 01a58763o0093o
58763.240648 -22.630 10.929    -3   35 o  0   1.32 305.86967 -47.17489  2598.90  9225.50 2.01 1.88 -31.8 -0.422 18.29 18.82 01a58763o0101o
58763.253700  21.190  2.539    12   31 o  0   1.16 305.86967 -47.17489  2583.23  9340.00 2.01 1.88 -47.1 -0.421 18.52 18.78 01a58763o0127o
58765.240472  20.845  1.849    17   31 o  0   1.19 305.86967 -47.17489  6903.12  5902.71 2.81 1.86  39.4 -0.411 18.24 18.57 02a58765o0087o
58765.243352 -20.550  1.376   -22   30 o  0   1.42 305.86967 -47.17489  6883.77  5864.60 2.91 1.90  39.0 -0.407 18.26 18.58 02a58765o0093o
58765.244268  20.677  1.698    20   33 o  0   1.64 305.86967 -47.17489  4389.07  3498.33 2.64 1.85  41.1 -0.458 18.32 18.63 02a58765o0095o
58765.247099  19.727  0.619    47   29 o  0   1.37 305.86967 -47.17489  4371.11  3459.71 2.63 1.85  42.0 -0.458 18.27 18.63 02a58765o0101o
58765.250360 -19.858  0.829   -41   34 o  0   1.19 305.86967 -47.17489  6944.39  5941.97 2.96 1.91  39.5 -0.405 18.24 18.60 02a58765o0108o
58765.252779 -20.656  1.426   -20   28 o  0   1.40 305.86967 -47.17489  4429.45  3538.09 2.48 1.86  40.9 -0.452 18.34 18.61 02a58765o0113o
58765.262153 -19.653  0.964   -50   48 o  0   1.12 305.86967 -47.17489  6965.88  5827.59 2.68 1.88  40.1 -0.417 18.07 18.35 02a58765o0133o
58765.265477  20.907  3.025    16   48 o  0   0.84 305.86967 -47.17489  4450.17  3422.88 2.48 1.82  41.5 -0.460 18.02 18.21 02a58765o0140o
58773.208130  18.932  0.384    97   37 c  0   1.06 305.86967 -47.17489  3643.77  5900.62 2.81 2.39  42.3 -0.364 18.55 19.82 02a58773o0029c
58773.210955 -21.957  3.258    -6   20 c  0   1.08 305.86967 -47.17489  3624.13  5862.34 2.81 2.35  40.4 -0.361 18.97 20.37 02a58773o0035c
58773.216507  19.372  0.294    65   19 c  0   1.51 305.86967 -47.17489  3681.95  5941.64 2.65 2.31  42.1 -0.374 19.01 20.41 02a58773o0047c
58773.226603 -19.486  0.369   -58   22 c  0   0.98 305.86967 -47.17489  3702.04  5827.26 2.52 2.43  58.3 -0.377 18.94 20.40 02a58773o0069c
58781.191986  20.263  5.706    28  163 c  0   1.22 305.86967 -47.17489   594.79  5811.94 2.78 2.27  35.2 -0.424 16.45 17.38 02a58781o0024c
58781.195292 -18.780  0.545  -112   61 c  0   1.52 305.86967 -47.17489   574.97  5772.18 2.73 2.25  34.3 -0.378 17.36 18.33 02a58781o0031c
58781.202278  20.146  0.738    32   23 c  0   0.94 305.86967 -47.17489   633.49  5852.56 2.69 2.26  34.5 -0.357 18.74 19.89 02a58781o0046c
58781.204565  20.247  0.533    29   15 c  0   1.45 305.86967 -47.17489  8197.84  3259.75 2.78 2.41  46.0 -0.354 19.02 20.27 02a58781o0051c
58781.207884 -20.222  0.569   -30   17 c  0   0.96 305.86967 -47.17489  8179.84  3222.63 2.79 2.44  46.7 -0.363 19.11 20.49 02a58781o0058c
58781.213017 -22.399  3.038    -4   12 c  0   1.82 305.86967 -47.17489   654.58  5738.02 2.69 2.31  33.8 -0.363 19.13 20.52 02a58781o0069c
58781.213931 -21.882  2.125    -6   14 c  0   1.60 305.86967 -47.17489  8236.97  3298.80 2.77 2.40  45.3 -0.363 19.16 20.59 02a58781o0071c
58781.226056 -20.734  0.797   -18   15 c  0   1.37 305.86967 -47.17489  8256.85  3184.35 2.63 2.45  65.1 -0.368 19.18 20.56 02a58781o0097c
58785.195134  19.817  1.266    43   54 c  0   1.63 305.86967 -47.17489   601.32  5811.35 2.71 2.33  32.8 -0.364 17.48 18.43 02a58785o0003c
58785.197979  19.733  0.639    46   30 c  0   1.24 305.86967 -47.17489   581.71  5772.68 2.65 2.40  39.5 -0.355 18.20 19.21 02a58785o0009c
58785.204038  21.735  2.422     7   18 c  0   1.27 305.86967 -47.17489   640.28  5853.31 2.81 2.39  37.7 -0.362 18.97 20.34 02a58785o0022c
58785.213824 -22.719  4.842    -3   14 c  0   1.46 305.86967 -47.17489  8203.71  3262.20 2.71 2.40  52.3 -0.368 19.28 20.75 02a58785o0043c
58785.214281 -23.101  7.571    -2   16 c  0   1.19 305.86967 -47.17489   660.15  5740.21 2.59 2.29  35.0 -0.381 19.19 20.67 02a58785o0044c
58785.217580  20.283  0.506    28   14 c  0   1.33 305.86967 -47.17489  8184.78  3224.84 2.72 2.47  55.8 -0.361 19.24 20.74 02a58785o0051c
58785.223174 -20.406  0.519   -25   13 c  0   1.73 305.86967 -47.17489  8243.07  3300.95 2.70 2.42  53.8 -0.369 19.25 20.72 02a58785o0063c
58785.234326 -22.223  2.900    -5   14 c  0   1.42 305.86967 -47.17489  8261.77  3185.57 2.62 2.43  84.9 -0.376 19.23 20.71 02a58785o0087c
58967.603653 -19.253  0.233   -72   17 o  0   1.84 305.86967 -47.17489  7986.67  1332.56 2.88 2.63 -12.5 -0.338 18.79 19.64 01a58967o0814o
58967.607790 -20.165  0.630   -31   20 o  0   1.14 305.86967 -47.17489  7966.92  1293.94 2.69 2.55 -10.8 -0.346 18.81 19.76 01a58967o0823o
58967.615629 -20.622  0.824   -20   17 o  0   1.93 305.86967 -47.17489  8024.51  1369.97 2.36 2.35  52.0 -0.365 18.88 19.67 01a58967o0840o
58967.623939 -21.832  4.415    -7   30 o  0   0.83 305.86967 -47.17489  8043.32  1250.95 2.69 2.61 -44.8 -0.347 18.60 19.17 01a58967o0858o
58973.601858 -19.684  0.346   -49   17 o  0   1.11 305.86967 -47.17489  6901.08  4633.82 2.48 2.03  37.6 -0.426 19.02 19.87 02a58973o0795o
58973.606014 -19.637  0.316   -51   16 o  0   1.21 305.86967 -47.17489  6920.98  4672.17 2.19 1.98  45.0 -0.440 19.10 19.84 02a58973o0804o
58973.611067 -22.546  4.296    -4   15 o  0   1.50 305.86967 -47.17489  6861.72  4593.85 2.36 2.02  35.6 -0.421 18.99 19.77 02a58973o0815o
58987.536904  20.698  0.857    19   16 o  0   1.79 305.86967 -47.17489   473.12  1664.94 2.69 2.48  71.2 -0.413 19.01 20.09 01a58987o0658o
58987.540589 -21.425  1.766   -10   17 o  0   1.44 305.86967 -47.17489   453.91  1625.99 2.53 2.41  85.7 -0.401 19.09 20.11 01a58987o0666o
58987.546123 -19.771  0.510   -45   23 o  0   0.82 305.86967 -47.17489   511.45  1707.51 2.76 2.54  70.1 -0.400 19.05 20.10 01a58987o0678o
58987.556257 -21.264  1.763   -11   20 o  0   1.17 305.86967 -47.17489   529.19  1593.03 2.83 2.74  71.9 -0.406 18.99 20.12 01a58987o0700o
58987.556718 -20.719  0.943   -19   18 o  0   1.09 305.86967 -47.17489 10000.39  1634.84 2.90 2.70 -31.5 -0.332 18.96 20.06 01a58987o0701o
58987.559971 -22.677  6.933    -3   21 o  0   1.15 305.86967 -47.17489  9981.50  1595.78 3.11 2.86 -63.9 -0.337 18.99 20.09 01a58987o0707o
58987.565497 -20.399  0.724   -25   18 o  0   1.26 305.86967 -47.17489 10038.68  1670.13 3.03 2.72 -68.9 -0.379 18.95 20.13 01a58987o0719o
58987.576136 -20.949  1.202   -15   18 o  0   1.34 305.86967 -47.17489 10059.16  1551.28 2.90 2.55 -71.1 -0.343 19.12 20.18 01a58987o0742o
58991.525659 -19.904  0.461   -40   18 o  0   0.89 305.86967 -47.17489   471.62  1663.06 2.38 2.15  13.3 -0.390 19.13 20.20 01a58991o0633o
58991.529346  23.029  7.889     2   18 o  0   1.16 305.86967 -47.17489   452.09  1623.53 2.27 2.11  23.4 -0.414 19.14 20.23 01a58991o0641o
58991.534460 -20.081  0.466   -34   16 o  0   1.03 305.86967 -47.17489   509.57  1706.26 2.20 2.02  39.9 -0.422 19.22 20.28 01a58991o0652o
58991.543719  20.419  0.713    25   18 o  0   1.11 305.86967 -47.17489  9998.54  1634.65 2.91 2.63  -0.3 -0.345 19.04 20.33 01a58991o0671o
58991.546502 -20.038  0.538   -35   19 o  0   1.16 305.86967 -47.17489   529.76  1592.35 2.88 2.61  37.1 -0.364 19.14 20.46 01a58991o0677o
58991.547422 -20.215  0.513   -30   15 o  0   1.46 305.86967 -47.17489  9980.67  1595.76 2.57 2.42 -28.8 -0.368 19.15 20.39 01a58991o0679o
58991.553406 -21.017  1.049   -14   15 o  0   1.39 305.86967 -47.17489 10037.55  1670.38 2.75 2.65 -46.2 -0.360 19.11 20.45 01a58991o0692o
58991.563610 -20.578  0.699   -21   15 o  0   1.20 305.86967 -47.17489 10060.42  1550.06 2.52 2.41 -70.7 -0.370 19.28 20.53 01a58991o0713o
58993.595397 -20.908  0.718   -16   11 c  0   1.26 305.86967 -47.17489  2899.89  4653.30 2.66 2.60  52.1 -0.388 19.31 21.13 02a58993o0489c
58993.599081 -21.186  0.914   -12   11 c  0   1.52 305.86967 -47.17489  2922.10  4689.08 2.57 2.52  83.7 -0.390 19.36 21.10 02a58993o0497c
58993.604312 -22.257  2.417    -4   11 c  0   1.65 305.86967 -47.17489  7664.38  5930.23 2.71 2.61  55.4 -0.388 19.29 21.01 02a58993o0508c
58993.610447  20.240  0.543    29   16 c  0   1.46 305.86967 -47.17489  2841.07  4730.77 2.49 2.44  37.0 -0.385 19.08 20.43 02a58993o0521c
58993.618895 -19.242  0.637   -73   46 c  0   1.50 305.86967 -47.17489  7647.37  5875.19 3.09 2.97  70.0 -0.374 17.80 18.76 02a58993o0539c
59017.521985 -21.997  2.212    -6   13 c  0   1.04 305.86967 -47.17489  4254.64  7148.37 2.66 2.54  88.9 -0.392 19.41 21.24 02a59017o0603c
59017.523815 -20.333  0.361   -27   10 c  0   1.40 305.86967 -47.17489  4273.28  7184.74 2.76 2.47  40.4 -0.372 19.43 21.25 02a59017o0607c
59017.524272 -21.073  0.783   -14   11 c  0   1.26 305.86967 -47.17489  1522.18  4698.38 2.55 2.42  32.6 -0.397 19.42 21.21 02a59017o0608c
59017.526100 -22.864  3.706    -3   10 c  0   1.90 305.86967 -47.17489  1541.69  4737.41 2.41 2.37 -69.7 -0.409 19.45 21.21 02a59017o0612c
59017.526558 -21.415  1.169   -10   12 c  0   1.44 305.86967 -47.17489  4215.59  7108.69 2.73 2.42  41.2 -0.372 19.46 21.25 02a59017o0613c
59017.529416 -20.743  0.573   -18   10 c  0   1.28 305.86967 -47.17489  1482.11  4661.51 2.37 2.33 -72.5 -0.408 19.48 21.21 02a59017o0619c
59017.537768 -21.724  1.652    -7   12 c  0   1.20 305.86967 -47.17489  4194.82  7224.58 2.59 2.44  50.4 -0.383 19.44 21.23 02a59017o0636c
59017.540529 -21.349  0.846   -10    9 c  0   1.98 305.86967 -47.17489  1460.54  4776.75 2.49 2.45 -63.6 -0.403 19.40 21.21 02a59017o0642c
59023.456275 -20.964  0.980   -15   15 o  0   1.43 305.86967 -47.17489  6103.50  1468.55 2.58 2.52 -62.5 -0.390 19.17 20.31 01a59023o0378o
59023.459962 -19.663  0.311   -50   15 o  0   1.23 305.86967 -47.17489  6085.25  1431.52 2.84 2.56 -21.5 -0.355 19.08 20.29 01a59023o0386o
59023.465491 -19.785  0.296   -44   13 o  0   1.42 305.86967 -47.17489  6141.72  1509.02 2.50 2.29 -23.9 -0.371 19.25 20.34 01a59023o0398o
59023.471940 -19.989  0.373   -37   14 o  0   1.30 305.86967 -47.17489  6160.09  1391.15 2.42 2.24 -19.4 -0.380 19.27 20.34 01a59023o0412o
59029.480524 -21.764  2.023    -7   14 c  0   0.94 305.86967 -47.17489  6323.57  8990.07 2.66 2.41 -70.4 -0.407 19.44 21.10 02a59029o0509c
59029.483323 -21.834  2.122    -7   14 c  0   1.19 305.86967 -47.17489  6341.59  9028.91 2.60 2.44 -80.4 -0.401 19.47 21.11 02a59029o0515c
59029.489300 -22.801  4.294    -3   12 c  0   1.61 305.86967 -47.17489  6284.64  8948.20 2.62 2.43  56.4 -0.393 19.44 21.08 02a59029o0528c
59029.493457 -23.418  7.545    -2   12 c  0   1.34 305.86967 -47.17489  2232.59  4673.16 2.40 2.18 -57.9 -0.414 19.40 21.01 02a59029o0537c
59029.495287  22.185  1.943     5    9 c  0   2.03 305.86967 -47.17489  2252.46  4710.76 2.32 2.23 -65.1 -0.407 19.44 21.00 02a59029o0541c
59029.509735 -20.364  0.364   -26    9 c  0   2.00 305.86967 -47.17489  4267.70  1480.21 2.54 2.34 -79.5 -0.410 19.44 21.12 02a59029o0572c
59029.518521  21.778  1.829     7   13 c  0   1.15 305.86967 -47.17489  8341.58  5914.38 2.60 2.52 -81.3 -0.389 19.42 21.10 02a59029o0591c
59029.524504 -20.325  0.484   -27   13 c  0   1.23 305.86967 -47.17489  8362.28  5800.30 2.63 2.54 -89.8 -0.392 19.38 21.12 02a59029o0604c
59033.421586 -21.428 13.980   -10  136 o  0   0.94 305.86967 -47.17489  6318.05  8994.94 2.88 2.60  53.2 -0.417 17.91 18.19 02a59033o0363o
59033.423432 -21.173  9.838   -12  121 o  0   1.09 305.86967 -47.17489  6336.59  9033.99 2.86 2.41  43.7 -0.414 18.03 18.21 02a59033o0367o
59033.426648 -19.193  2.075   -76  158 o  0   1.03 305.86967 -47.17489  6279.68  8954.71 3.52 3.14  56.1 -0.411 17.80 18.22 02a59033o0374o
59033.431737 -20.488  5.200   -23  120 o  0   1.22 305.86967 -47.17489  6260.65  9070.17 2.99 2.58  50.2 -0.411 18.03 18.26 02a59033o0385o
59033.451339 -19.440  0.653   -61   40 o  0   0.82 305.86967 -47.17489  2227.54  4680.09 2.72 2.22  29.0 -0.412 18.08 18.25 02a59033o0427o
59033.457873 -19.579  0.757   -54   40 o  0   1.13 305.86967 -47.17489  2246.61  4716.85 2.77 2.21  34.1 -0.396 18.08 18.28 02a59033o0441o
59033.460749  20.990  2.735    15   40 o  0   1.04 305.86967 -47.17489  2187.58  4640.78 2.77 2.10  33.0 -0.387 18.09 18.28 02a59033o0447o
59033.469025 -18.880  0.405  -102   41 o  0   1.02 305.86967 -47.17489  2166.63  4756.73 2.86 2.36  36.1 -0.401 17.98 18.30 02a59033o0465o
59053.412960  25.658 61.000     0   12 c  0   1.31 305.86967 -47.17489  8066.72  6991.20 2.75 2.55 -85.3 -0.389 19.40 21.28 02a59053o0374c
59053.414333 -21.425  1.204   -10   12 c  0   1.17 305.86967 -47.17489  5758.74  4635.35 2.59 2.42  50.3 -0.391 19.34 21.24 02a59053o0377c
59053.414789  22.631  3.562     3   12 c  0   1.55 305.86967 -47.17489  8085.88  7029.89 2.86 2.55  46.8 -0.373 19.38 21.29 02a59053o0378c
59053.418049 -20.633  0.554   -20   11 c  0   1.54 305.86967 -47.17489  5778.02  4673.43 2.61 2.41  44.4 -0.389 19.35 21.24 02a59053o0385c
59053.418964  24.952 29.000     0   11 c  0   1.79 305.86967 -47.17489  8029.24  6950.07 2.70 2.49 -89.5 -0.395 19.41 21.28 02a59053o0387c
59053.423575  24.030 14.200     1   13 c  0   1.28 305.86967 -47.17489  5719.82  4594.40 2.63 2.38  41.8 -0.389 19.35 21.26 02a59053o0397c
59053.425404 -20.356  0.526   -26   14 c  0   1.18 305.86967 -47.17489  8010.75  7064.20 2.74 2.54 -85.0 -0.390 19.38 21.28 02a59053o0401c
59053.431377 -25.876 63.000    -0   10 c  0   2.37 305.86967 -47.17489  5700.19  4708.01 2.42 2.34  57.6 -0.402 19.38 21.24 02a59053o0414c
59077.381903 -21.454  1.119   -10   11 c  0   1.36 305.86967 -47.17489  5052.09  5925.72 2.57 2.41  53.0 -0.391 19.45 21.28 02a59077o0330c
59077.384671 -19.746  0.260   -46   12 c  0  10.31 305.86967 -47.17489  5032.88  5887.76 2.97 2.42  42.8 -0.367 19.37 21.29 02a59077o0336c
59077.390618 -20.190  0.365   -30   11 c  0   1.51 305.86967 -47.17489  5092.22  5965.01 2.70 2.47  48.7 -0.383 19.40 21.27 02a59077o0349c
59077.400692  25.067 32.000     0   11 c  0   1.26 305.86967 -47.17489  5114.07  5850.20 2.65 2.49  58.3 -0.386 19.39 21.26 02a59077o0371c
59093.362707 -21.074  3.713   -14   50 o  0   0.84 305.86967 -47.17489  4166.19  5912.79 2.94 2.33  35.3 -0.365 17.91 18.10 02a59093o0035o
59093.363164  21.991  7.419     6   43 o  0   1.26 305.86967 -47.17489   449.91  1631.46 2.28 2.18 -73.3 -0.456 18.01 18.18 02a59093o0036o
59093.366840 -20.929  2.875   -15   44 o  0   0.99 305.86967 -47.17489  4147.31  5874.25 2.82 2.06  38.0 -0.393 18.01 18.08 02a59093o0044o
59093.367298 -18.800  0.364  -110   40 o  0   0.89 305.86967 -47.17489   431.02  1591.33 2.03 1.99 -89.8 -0.481 18.08 18.15 02a59093o0045o
59093.374651 -19.870  1.106   -41   45 o  0   1.43 305.86967 -47.17489  4205.08  5953.34 2.95 2.06  39.1 -0.377 17.93 18.03 02a59093o0061o
59093.375109 -19.980  0.971   -37   36 o  0   1.50 305.86967 -47.17489   487.75  1673.40 2.12 2.02  79.7 -0.481 17.98 18.09 02a59093o0062o
59093.379225 -19.497  0.730   -58   42 o  0   1.05 305.86967 -47.17489  9980.13  1638.56 2.19 1.94 -64.4 -0.472 18.02 18.05 02a59093o0071o
59093.382430 -20.391  1.703   -25   43 o  0   1.56 305.86967 -47.17489  9961.82  1601.22 2.20 1.95 -63.1 -0.480 18.05 18.06 02a59093o0078o
59093.388475 -18.493  0.258  -145   38 o  0   1.63 305.86967 -47.17489  4225.16  5840.00 2.61 2.09  47.5 -0.400 17.96 17.99 02a59093o0091o
59093.389864 -19.697  0.731   -48   35 o  0   1.54 305.86967 -47.17489   508.02  1560.45 2.10 1.99  85.4 -0.495 17.99 18.04 02a59093o0094o
59093.400525 -19.084  0.701   -84   59 o  0   0.87 305.86967 -47.17489 10018.53  1678.90 2.47 2.09 -63.7 -0.451 17.86 17.92 02a59093o0117o
59093.410660 -19.164  0.666   -78   52 o  0   1.32 305.86967 -47.17489 10038.71  1562.97 2.32 1.97 -65.3 -0.473 17.80 17.88 02a59093o0139o
59097.323856 -19.066  0.253   -86   22 o  0   1.41 305.86967 -47.17489   447.06  1631.48 2.00 1.91 -88.4 -0.487 18.68 19.15 02a59097o0230o
59097.327994 -21.881  3.895    -6   25 o  0   0.96 305.86967 -47.17489   427.78  1590.54 2.04 1.80  46.6 -0.483 18.61 19.12 02a59097o0239o
59097.333497 -20.168  0.819   -31   26 o  0   1.62 305.86967 -47.17489   486.65  1672.38 2.05 1.80  48.5 -0.477 18.61 19.10 02a59097o0251o
59097.333955 -20.240  1.061   -29   31 o  0   1.28 305.86967 -47.17489  4164.83  5912.63 3.06 2.08  39.9 -0.390 18.48 19.00 02a59097o0252o
59097.336752 -20.405  1.138   -25   28 o  0   1.16 305.86967 -47.17489  4145.97  5873.33 2.89 1.98  37.3 -0.405 18.48 18.99 02a59097o0258o
59097.343198 -19.376  0.481   -64   31 o  0   1.04 305.86967 -47.17489  4205.34  5951.84 2.91 1.99  39.3 -0.392 18.42 18.90 02a59097o0272o
59097.345513 -20.848  1.452   -17   24 o  0   1.10 305.86967 -47.17489   506.99  1557.94 2.02 1.87  56.3 -0.472 18.54 19.06 02a59097o0277o
59097.346428 -22.523  6.828    -4   24 o  0   1.43 305.86967 -47.17489  9980.14  1634.81 2.07 1.96  64.9 -0.464 18.54 19.07 02a59097o0279o
59097.349686  21.874  3.755     6   24 o  0   1.18 305.86967 -47.17489  9961.77  1598.91 2.35 1.91 -57.1 -0.467 18.64 19.07 02a59097o0286o
59097.353350 -19.253  0.501   -72   36 o  0   0.88 305.86967 -47.17489  4226.16  5837.16 3.05 2.10  38.5 -0.382 18.35 18.93 02a59097o0294o
59097.356128 -22.098  6.171    -5   32 o  0   1.06 305.86967 -47.17489 10019.09  1675.11 2.31 1.87 -58.5 -0.463 18.61 19.11 02a59097o0300o
59097.366234  20.161  1.450    31   45 o  0   1.77 305.86967 -47.17489 10040.84  1558.84 2.30 1.94 -59.8 -0.475 18.15 18.67 02a59097o0322o
59109.295189 -21.069  0.985   -14   13 c  0   1.30 305.86967 -47.17489  5600.47  5911.80 2.75 2.56  50.5 -0.385 19.27 21.06 02a59109o0189c
59109.297968 -20.047  0.389   -35   14 c  0   1.11 305.86967 -47.17489  5581.47  5873.78 2.90 2.46  41.7 -0.373 19.34 21.17 02a59109o0195c
59109.303488  25.751 71.000     0   13 c  0   1.24 305.86967 -47.17489  5640.82  5951.17 2.92 2.46  40.2 -0.373 19.32 21.16 02a59109o0207c
59109.315450  22.324  2.792     4   12 c  0   1.38 305.86967 -47.17489  5662.33  5837.46 2.68 2.57  63.1 -0.391 19.36 21.16 02a59109o0233c
59121.278674 -19.780  0.836   -44   37 o  0   0.91 305.86967 -47.17489  8789.51  5561.99 2.54 2.16  42.6 -0.410 18.30 18.51 02a59121o0167o
59121.284226  21.403  3.389    10   34 o  0   1.28 305.86967 -47.17489  8771.83  5527.74 2.47 2.19  43.1 -0.415 18.31 18.53 02a59121o0179o
59121.287459 -18.968  0.313   -94   29 o  0   1.56 305.86967 -47.17489  8831.03  5602.59 2.73 2.23  37.4 -0.400 18.25 18.52 02a59121o0186o
59121.298934 -21.075  2.880   -14   39 o  0   0.97 305.86967 -47.17489  8851.85  5489.07 2.68 2.16  40.9 -0.392 18.31 18.49 02a59121o0211o
59125.255558 -20.545  1.474   -22   32 o  0   1.37 305.86967 -47.17489    51.96  5790.36 2.06 1.96 -56.5 -0.380 18.46 18.71 02a59125o0087o
59125.261115  18.900  0.631   100   63 o  0   0.84 305.86967 -47.17489    33.34  5751.02 2.06 1.97 -56.4 -0.351 18.47 18.70 02a59125o0099o
59125.262046 -19.117  0.371   -82   30 o  0   1.05 305.86967 -47.17489 10387.41  5790.02 2.22 2.20 -77.8 -0.450 18.47 18.72 02a59125o0101o
59125.262503 -20.078  0.790   -34   27 o  0   0.97 305.86967 -47.17489  6085.04  1460.74 2.03 1.95  79.9 -0.436 18.54 18.80 02a59125o0102o
59125.263895  23.714 23.667     1   28 o  0   0.99 305.86967 -47.17489    93.02  5831.71 1.98 1.94 -46.1 -0.376 18.47 18.69 02a59125o0105o
59125.265271 -20.088  0.871   -34   29 o  0   1.02 305.86967 -47.17489 10368.12  5752.88 2.22 2.20 -87.5 -0.451 18.44 18.72 02a59125o0108o
59125.265729 -19.580  0.563   -54   30 o  0   0.93 305.86967 -47.17489  6066.94  1422.61 2.04 1.95  86.2 -0.435 18.56 18.80 02a59125o0109o
59125.270812 -19.401  0.468   -63   30 o  0   1.32 305.86967 -47.17489 10428.45  5829.63 2.29 2.14 -58.0 -0.457 18.44 18.71 02a59125o0120o
59125.271269  23.197 12.389     2   24 o  0   1.92 305.86967 -47.17489  6123.88  1501.45 2.02 1.93 -89.8 -0.441 18.55 18.78 02a59125o0121o
59125.275428 -19.908  0.698   -40   28 o  0   0.77 305.86967 -47.17489   114.31  5717.93 2.03 1.92 -65.3 -0.401 18.45 18.67 02a59125o0130o
59125.283769 -19.882  0.637   -40   26 o  0   1.64 305.86967 -47.17489  6145.32  1386.15 2.06 1.93 -78.3 -0.438 18.51 18.77 02a59125o0148o
59125.284227 -19.956  0.726   -38   28 o  0   1.40 305.86967 -47.17489 10451.13  5716.16 2.23 2.20  73.6 -0.448 18.46 18.69 02a59125o0149o
59137.216926  20.193  0.483    30   15 c  0   1.24 305.86967 -47.17489  4938.01  5333.98 2.63 2.53  62.2 -0.377 19.22 20.72 02a59137o0054c
59137.220142  24.169 15.000     1   12 c  0   2.02 305.86967 -47.17489  4918.41  5294.79 2.67 2.30  44.1 -0.381 19.31 20.75 02a59137o0061c
59137.221978 -20.377  0.579   -26   15 c  0   1.17 305.86967 -47.17489  7582.94  5888.05 2.72 2.42  44.3 -0.379 19.26 20.75 02a59137o0065c
59137.225177  20.311  0.532    27   14 c  0   1.12 305.86967 -47.17489  7563.63  5851.03 2.78 2.46  45.5 -0.378 19.26 20.76 02a59137o0072c
59137.226550 -22.898  5.938    -2   15 c  0   1.16 305.86967 -47.17489  4976.86  5376.85 2.58 2.33  49.2 -0.390 19.31 20.76 02a59137o0075c
59137.231148 -20.940  0.957   -15   15 c  0   1.27 305.86967 -47.17489  7622.96  5929.32 2.57 2.45 -84.1 -0.395 19.28 20.74 02a59137o0085c
59137.237096 -20.710  0.647   -19   12 c  0   1.22 305.86967 -47.17489  4998.48  5261.80 2.53 2.40 -82.6 -0.397 19.25 20.72 02a59137o0098c
59137.243979 -19.786  0.307   -44   14 c  0   1.49 305.86967 -47.17489  7644.58  5814.72 2.84 2.55  47.3 -0.375 19.21 20.73 02a59137o0113c
59145.227512  21.299  2.183    11   24 o  0   0.97 305.86967 -47.17489  2348.48  1612.56 2.15 2.01  58.7 -0.456 18.78 19.28 02a59145o0088o
59145.227970 -19.425  0.336   -62   21 o  0   1.30 305.86967 -47.17489  6241.98  5913.33 2.87 2.02  38.9 -0.417 18.76 19.31 02a59145o0089o
59145.230723 -20.229  0.720   -29   21 o  0   1.39 305.86967 -47.17489  2330.39  1575.26 2.10 1.96  63.4 -0.465 18.76 19.28 02a59145o0095o
59145.231180  20.596  1.000    21   21 o  0   1.23 305.86967 -47.17489  6223.49  5875.96 2.80 1.97  38.9 -0.417 18.79 19.31 02a59145o0096o
59145.236261 -19.129  0.218   -81   18 o  0   1.41 305.86967 -47.17489  2388.18  1655.58 2.06 1.97  72.5 -0.460 18.79 19.27 02a59145o0107o
59145.236719 -20.138  0.704   -32   22 o  0   1.08 305.86967 -47.17489  6282.97  5953.56 2.85 1.99  40.1 -0.409 18.78 19.29 02a59145o0108o
59145.246439 -19.973  0.684   -37   26 o  0   1.12 305.86967 -47.17489  2408.73  1540.22 2.16 2.01 -75.7 -0.464 18.75 19.23 02a59145o0129o
59145.246896 -19.830  0.612   -42   26 o  0   1.02 305.86967 -47.17489  6304.50  5838.73 2.91 2.03  39.0 -0.409 18.74 19.25 02a59145o0130o
59157.192796 -19.122  0.969   -82   79 o  0   1.33 305.86967 -47.17489  6990.98  5899.86 2.10 2.01  87.1 -0.454 17.12 17.22 02a59157o0021o
59157.195996  19.944  0.684    38   26 o  0   0.93 305.86967 -47.17489  6971.44  5860.86 2.75 1.95  39.1 -0.427 18.49 19.00 02a59157o0028o
59157.201489 -21.797  2.574    -7   18 o  0   1.17 305.86967 -47.17489  7029.91  5940.00 2.62 1.94  38.9 -0.426 19.02 19.77 02a59157o0040o
59157.212473 -18.883  0.594  -102   60 o  0   1.20 305.86967 -47.17489  7050.09  5829.54 2.79 2.00  40.1 -0.425 18.08 19.02 02a59157o0064o
